Plot,plot_running,Fire,canopy.cover,ccpoint,forest.type,clust128,clust130,clust.new,clustfire-openarea,clustfire,in-out,Fire.appear,X_UTM,Y_UTM,bd,tree.ha,BA.ha,biomass,Bmss.Forb,Bmss.Grass,Bmss.Shrub,Bmss.Tree,Bmss.Bamboo,Total.Biomass,forage,elevation,slope,aspect,B01_NOV18,B02_NOV18,B03_NOV18,B04_NOV18,B05_NOV18,B06_NOV18,B07_NOV18,B08_NOV18,B09_NOV18,B10_NOV18,B11_NOV18,fire.freq,NDVI,pH,rating,CEC,rating,Percents.BS,Rating,OM,rating,Avail.P,rating,Avail.K,rating,Extr.K ,rating,Extr.Ca,rating,Extr.Mg ,rating,Extr.Na ,rating,Sumbases,Sand,Silt,Clay,Soil Textural Class
1,1,before,71.96,nocc,DDF,SHADETO,SHADETO,MIX,MIX,noclust,In,NoFire,530987,1712026,1.1273,877.7777778,23.7058,1882.17,101.11,255,867,4423.41,0,5646.52,1.53,526,8.2074,156.038,9320,8360,7735,6714,17121,10289,6981,7277,5048,26898,24626,10,0.436626809,5.93,moderately acid,12.38,M,100,H,41.04354175,H,89.80952947,VH,188.2604594,VH,0.481459924,M,11.91123834,H,4.733211359,H,0.242639959,L,17.36854959,68.14,19.64,12.22,SANDY LOAM
2,2,before,82.07,nocc,"MDF,bamboo",SHADETO,SHADETO,MIX,MIX,MIX,In,Fire,530987,1713072,1.1299,411.1111111,9.2045,329.17,281.52,0,643,63,0,987.52,4.83,388,25.8736,345.069,9331,8342,7695,6542,16422,10204,7126,7213,5044,26921,24632,5,0.430238634,6.23,slightly acid,17.18,MH,100,H,62.76463689,VH,63.45544511,VH,163.0492284,VH,0.41698437,M,14.25573164,H,3.719357077,H,0.269203429,L,18.66127652,65.73,22.05,12.22,SANDY LOAM
3,3,before,82.45,nocc,MDF,SHADETO,SHADETO,MIX,MIX,MIX,In,Fire,530980,1714130,1.1386,377.7777778,47.058,414.53,447.59,8,718,70,0,1243.59,24.23,313,16.6875,2.8624,9411,8419,7658,6607,18532,10664,6967,7467,5038,27141,24773,3,0.474362544,6.77,neutral,11.95,M,100,H,52.69275519,VH,115.0269836,VH,334.707715,VH,0.855986177,H,10.84780629,H,2.391529346,M,0.189702549,L,14.28502437,69.84,20.09,10.07,SANDY LOAM
4,4,before,71.99,nocc,MDF,SHADETO,SHADETO,MIX,MIX,MIX,In,Fire,530987,1715177,1.2286,933.3333333,19.1352,1155.88,55,1034,1876.26,502.37,0,3467.63,5.52,286,3.4359,14.0362,9440,8476,7872,6764,17470,10611,7150,7386,5040,27109,24729,11,0.441776017,6.35,slightly acid,15.27,MH,100,H,47.61250172,VH,141.1292606,VH,254.1796538,VH,0.650042591,H,11.86737696,H,3.837199875,H,0.117883083,L,16.47250251,70.31,18.33,11.36,SANDY LOAM
5,5,before,72.77,nocc,MDF,SHADETO,SHADETO,MIX,MIX,MIX,Out,Fire,530984,1716228,1.2087,588.8888889,27.1092,646.73,582.57,845.62,343,169,0,1940.186,1.48,276,8.4369,159.775,9424,8439,7819,6653,17949,11010,7267,7289,5028,27306,24904,13,0.459149663,6.19,slightly acid,13.72,M,100,H,59.99275906,VH,146.0270159,VH,242.5096716,VH,0.620197616,H,11.12773385,H,3.29251671,H,0.231376746,L,15.27182493,71.11,17.96,10.93,SANDY LOAM
6,6,before,46.77,nocc,DDF,SHADEINTO,SHADEINTO,MIX,SEEDLING & SHRUB,SHRUB & SEEDLING,Out,Fire,530985,1717277,1.4678,511.1111111,17.5273,1247,347.21,275.26,1477,1641.53,0,3741,10.42,251,10.425,357.709,9627,8703,8163,7256,16796,12410,8390,7661,5037,27702,25104,13,0.396640612,5.33,strongly acid,4.12,L,71.60692457,M,14.82824259,ML,8.372593452,ML,97.89791219,H,0.250365486,L,1.669963438,L,0.831307104,L,0.198569264,L,2.950205292,80.46,12.39,7.15,LOAMY SAND
7,7,before,81.73,nocc,MDF,SHADETO,SHADEINTO,MIX,MIX,noclust,Out,NoFire,530984,1718326,1.0385,844.4444444,16.9362,2172.54,45.14,388,5597.2,487.27,0,6517.61437,0.94,244,2.9463,278.13,9417,8421,7719,6594,17719,10344,7002,7304,5037,27284,24885,0,0.457574137,6.36,slightly acid,19.16,MH,64.86181672,M,55.45856265,VH,50.08236153,VH,254.0028942,VH,0.649590543,H,9.413082068,M,2.101301174,M,0.263550297,L,12.42752408,67.79,22.51,9.7,SANDY LOAM
8,8,before,78.4,nocc,DDF,SHADEINTO,SHADEINTO,MIX,MIX,noclust,Out,NoFire,530985,1719372,1.2521,1244.444444,20.8771,270.3,161,1.97,518,129.92,0,810.89,2.41,289,25.5631,109.026,9502,8574,8156,6955,19246,11597,7437,7676,5030,27561,25061,11,0.469104233,5.09,strongly acid,7.37,ML,58.06324845,M,29.67181764,MH,147.6340918,VH,139.5654356,VH,0.356926591,M,2.499000482,L,1.209199264,M,0.214135074,L,4.279261411,75.64,15.52,8.84,SANDY LOAM
9,9,before,75.46,nocc,DDF,SHADEINTO,SHADEINTO,MIX,MIX,noclust,In,NoFire,530988,1720424,1.0414,1222.222222,24.3964,503.61,197.2,132,67,1114.62,0,1510.819048,0.69,388,39.0201,59.8757,9501,8538,8090,6871,18500,11295,7328,7596,5035,27485,25013,6,0.458357968,5.59,moderately acid,16.71,MH,70.79093244,M,45.12254485,VH,112.3760399,VH,306.8809721,VH,0.784821677,H,8.435020961,M,2.320841,M,0.288481172,L,11.82916481,72.76,17.14,10.1,SANDY LOAM
10,10,before,65.14,nocc,MDF,POLYDE,POLYDE,POLYDE,POLYDE,noclust,In,NoFire,532036,1721477,1.2778,533.3333333,19.1971,1223,148,1076,2389,56,0,3669,8.35,251,17.8341,232.595,9463,8497,7916,6766,17474,10714,7145,7419,5046,27367,24932,13,0.441749175,5.46,strongly acid,13.48,M,68.79499214,M,38.34112192,H,78.51740322,VH,146.9204936,VH,0.375736519,M,6.970803494,M,1.826288176,M,0.100736752,L,9.273564941,74.9,17.94,7.16,SANDY LOAM
11,11,before,63.99,nocc,DDF,SHADEINTO,SHADEINTO,MIX,MIX,MIX,In,Fire,532039,1720401,1.4619,1277.777778,19.2896,534.49,359.24,45.69,975.3,223.23,0,1603.46,7.58,243,5.8926,81.8699,9582,8649,8207,7152,17395,11963,7850,7643,5032,27757,25174,13,0.417281134,5.85,moderately acid,6.1,ML,100,H,15.58261255,M,44.24114752,H,155.1930005,VH,0.396892743,M,5.08831307,M,1.589219401,M,0.189772093,L,7.264197308,82.43,8.71,8.86,LOAMY SAND
12,12,before,73.49,nocc,MDF,SHADETO,SHADETO,MIX,MIX,MIX,In,Fire,532039,1719375,1.1371,522.2222222,7.3342,430.06,346.59,833,104,6.6,0,1290.19,1.03,229,4.714,45,9448,8456,7861,6681,17954,10881,7142,7423,5047,27360,24915,11,0.457600974,6.73,neutral,11.94,M,100,H,39.00880081,H,107.1327038,VH,172.9329952,VH,0.442261253,M,13.22219165,H,2.513593298,M,0.30049419,M,16.47854039,74.66,15.7,9.64,SANDY LOAM
13,13,before,79.04,nocc,MDF,SHADEINTO,SHADEINTO,DENDUM,MIX,MIX,Out,Fire,532035,1718328,1.3189,744.4444444,24.7362,591.44,49.41,73,899.91,752,0,1774.323978,19.09,254,5.5902,296.565,9514,8547,8003,6830,18248,11152,7308,7587,5037,27379,24910,13,0.455299466,5.89,moderately acid,13.67,M,87.25799745,H,47.37330874,VH,63.51969699,VH,168.2116664,VH,0.430186861,M,8.860936312,M,2.54455482,M,0.092490258,VL,11.92816825,75.23,13,11.77,SANDY LOAM
14,14,before,61.04,nocc,MDF,SHADETO,SHADEINTO,MIX,MIX,MIX,Out,Fire,532035,1717275,1.1667,388.8888889,22.8956,822.35,515.65,263,850.4,838,0,2467.05,13.46,254,6.7186,29.7449,9463,8490,7823,6750,16511,10477,7165,7302,5033,27391,24938,13,0.419629423,6.6,neutral,20.94,H,100,H,34.56817778,MH,71.06785132,VH,190.594961,VH,0.487430211,M,17.66373017,H,5.10979312,H,0.154278385,L,23.41523189,65.67,19.23,15.1,SANDY LOAM
15,15,before,64.28,nocc,MDF,SHADEINTO,SHADEINTO,DENDUM,MIX,MIX,Out,Fire,532037,1716226,1.1695,466.6666667,23.923,594.88,275.27,0,633,876.36,0,1784.63,9.53,305,10.8333,180,9447,8473,7828,6747,17733,11002,7286,7350,5020,27324,24943,13,0.44877451,6.87,neutral,17.04,MH,100,H,52.73067729,VH,297.3351806,VH,288.0389498,VH,0.736634826,H,13.94442084,H,3.915610015,H,0.189998213,L,18.7866639,69.98,19.08,10.94,SANDY LOAM
16,16,before,68.52,nocc,MDF,SHADETO,SHADETO,MIX,MIX,MIX,Out,Fire,532036,1715176,1.3331,400,20.1898,2156.59,2823.15,352,1692.92,1601.71,0,6469.782021,4.97,297,3.5355,45,9428,8446,7727,6651,16949,10346,7014,7181,5040,27262,24859,13,0.436355932,6.19,slightly acid,9.8,ML,90.56769316,H,32.69446658,MH,46.4532049,VH,152.8867716,VH,0.390994761,M,5.72208384,M,2.588680992,M,0.173874336,L,8.87563393,77.86,14.58,7.56,LOAMY SAND
17,17,before,83.14,nocc,"MDF,bamboo",SHADETO,SHADETO,MIX,MIX,MIX,In,Fire,532029,1714127,1.0622,444.4444444,15.4895,83.04,20.13,0,109,120,0,249.13,1.54,291,8.7003,286.699,9424,8419,7842,6667,17364,10761,7258,7405,5030,27123,24724,7,0.445133369,6.35,slightly acid,11.78,M,100,H,62.23160388,VH,56.18625735,VH,243.0725989,VH,0.621637253,H,9.720689539,M,2.240150116,M,0.224106724,L,12.80658363,76.1,15.1,8.8,SANDY LOAM
18,18,before,81.73,nocc,MDF,SHADETO,SHADETO,MIX,MIX,MIX,In,Fire,532033,1713074,1.1921,700,18.9124,339,455,0,41,521,0,1017,15.48,425,47.2177,254.124,9346,8373,7699,6573,16685,9847,6872,7131,5040,26886,24611,6,0.434775131,7.12,neutral,16.82,MH,100,H,69.78316769,VH,263.1468149,VH,664.1249087,VH,1.698442301,VH,29.75986734,VH,5.179736391,H,0.214256951,L,36.85230299,69.15,19.48,11.37,SANDY LOAM
19,19,before,81.61,nocc,"MDF,bamboo",SHADETO,SHADETO,MIX,MIX,noclust,In,NoFire,532036,1712025,1.1655,944.4444444,26.517,926.14,699.07,796,797.35,486,0,2778.42,2.98,501,13.3333,270,9281,8303,7572,6522,16680,10099,6923,7113,5039,26851,24575,6,0.437807086,6.81,neutral,9.95,ML,100,H,33.18130485,MH,29.9650713,H,195.8759276,VH,0.500935828,M,8.927835352,M,1.854708746,M,0.205041426,L,11.48852135,72.92,14.86,12.22,SANDY LOAM
20,20,before,80.77,nocc,"MDF,bamboo",SHADEINTO,SHADEINTO,MIX,MIX,MIX,In,Fire,533086,1712030,1.0107,544.4444444,23.4664,1435.32,1990.56,171,79,2065.39,0,4305.948333,1.12,553,17.2502,232.853,9237,8276,7576,6546,16098,9610,6711,7097,5024,26730,24536,1,0.421833598,6.85,neutral,20.35,H,99.25404892,H,71.37892531,VH,91.21720235,VH,299.4252438,VH,0.765754293,H,16.63032495,H,2.479032172,M,0.323087538,M,20.19819895,65.3,19.95,14.75,SANDY LOAM
21,21,before,83.08,nocc,"MDF,bamboo",SHADEINTO,SHADEINTO,MIX,MIX,MIX,In,Fire,533085,1713078,1.0346,233.3333333,9.6699,126.04,9.11,0,205,158,6,378.11,7.89,575,55.0316,302.005,9206,8246,7498,6446,14160,8916,6507,6980,5035,26648,24433,2,0.374356983,6.36,slightly acid,18.09,MH,100,H,56.90127379,VH,97.27412149,VH,367.76589,VH,0.940529615,H,13.83597502,H,4.235744818,H,0.229619382,L,19.24186883,66.42,20.56,13.02,SANDY LOAM
22,22,before,79.39,nocc,"MDF,bamboo",SHADETO,SHADETO,MIX,MIX,MIX,Out,Fire,533089,1714129,1.2111,466.6666667,14.5356,110.55,187,67,76,1.64,0,331.64,28.04,355,25.173,282.426,9339,8364,7576,6574,15156,9310,6611,7232,5025,26894,24623,3,0.394937874,7.03,neutral,17.22,MH,100,H,56.94804231,VH,288.730533,VH,222.2577945,VH,0.568405183,M,18.15854945,H,3.323715114,H,0.099519923,VL,22.15018967,68.21,19.63,12.16,SANDY LOAM
23,23,before,78.78,nocc,MDF,SHADETO,SHADETO,MIX,MIX,MIX,Out,Fire,533087,1715177,1.2333,444.4444444,21.3842,403.52,63.06,142.77,250.41,754.31,0,1210.55,9.91,301,15.6569,334.799,9408,8413,7755,6651,17492,10559,7084,7284,5036,27132,24738,3,0.449032846,6.49,slightly acid,8.86,ML,100,H,28.07486303,MH,99.9849934,VH,297.5403727,VH,0.760933898,H,10.02000468,H,3.070367636,H,0.214957844,L,14.06626406,75.23,13.8,10.97,SANDY LOAM
24,24,before,74.1,nocc,"MDF,bamboo",SHADETO,SHADETO,MIX,MIX,MIX,Out,Fire,533089,1716227,1.2047,433.3333333,21.0205,1156.04,616.95,1239.71,1028.45,583,0,3468.11,3.66,275,9.2045,95.1944,9420,8435,7783,6663,17840,10738,7135,7165,5048,27099,24765,11,0.456148227,6.55,neutral,13.7,M,100,H,38.84781548,H,90.93897994,VH,218.4099369,VH,0.558564618,M,12.00392238,H,2.321146937,M,0.3978528,M,15.28148674,72.43,14.93,12.64,SANDY LOAM
25,25,before,71.88,nocc,"MDF,bamboo",SHADETO,SHADETO,POLYDE,MIX,MIX,In,Fire,533087,1717275,1.2014,400,11.5711,924.41,185.34,905,941.9,741,0,2773.24,5.29,255,4.7507,285.255,9426,8446,7734,6654,16683,10376,7024,7258,5035,27204,24816,11,0.429746754,5.84,moderately acid,10.84,M,94.90803776,H,46.91636698,VH,37.01739765,H,286.4955456,VH,0.733361863,H,7.071796781,M,2.304600509,M,0.17827214,L,10.28803129,72.55,13.55,13.9,SANDY LOAM
26,26,before,72.22,nocc,DDF,SHADETO,SHADETO,MIX,MIX,MIX,In,Fire,533085,1718326,1.3923,500,19.862,752.96,1471.88,133,152,502,0,2258.881356,3.16,254,4.4876,248.199,9494,8519,7965,6817,18757,11282,7283,7518,5039,27341,24936,13,0.466880425,6.25,slightly acid,11.11,M,100,H,48.74655755,VH,80.88322735,VH,225.392472,VH,0.576421851,M,9.101234107,M,2.260120094,M,0.287940062,L,12.22571611,79.11,12.88,8.01,LOAMY SAND
27,27,before,64.65,nocc,DDF,SHADEINTO,SHADEINTO,MIX,SEEDLING & SHRUB,SHRUB & SEEDLING,In,Fire,533084,1719378,1.3955,1511.111111,18.216,719.3,88.44,28.72,575.75,1465,0,2157.91,2.55,238,5.8333,270,9496,8499,7888,6736,17185,10447,7026,7364,5033,27453,24985,13,0.436812842,5.96,moderately acid,6.62,ML,78.20152332,H,37.47063732,H,68.13136719,VH,102.6359169,H,0.262482525,L,3.884741569,L,0.910055331,L,0.119661419,L,5.176940844,81.91,9.66,8.43,LOAMY SAND
28,28,before,79.1,nocc,MDF,SHADETO,SHADEINTO,MIX,MIX,MIX,In,Fire,533085,1720421,1.4088,622.2222222,23.0222,1838.18,75.54,62,3427.41,1949.58,0,5514.529196,6.76,215,8.3333,323.13,9473,8493,7919,6737,17950,10690,7094,7378,5061,27325,24926,13,0.454206667,6.46,slightly acid,18.73,MH,85.07940878,H,27.90175208,MH,109.0342679,VH,156.7518849,VH,0.400879456,M,11.12032747,H,4.24755324,H,0.1666131,L,15.93537326,71.91,13.33,14.76,SANDY LOAM
29,29,before,74.27,nocc,"MDF,bamboo",SHADEINTO,SHADEINTO,MIX,MIX,MIX,In,Fire,533086,1721479,1.2199,166.6666667,13.6199,221.35,64.5,11,495,93.56,0,664.06,3.72,227,5.4327,274.399,9467,8472,7760,6675,16976,10743,7293,7327,5036,27345,24914,11,0.435541838,5.65,moderately acid,18.02,MH,100,H,47.49064039,VH,28.4834533,H,192.6958673,VH,0.492803098,M,13.20543868,H,4.385068471,H,0.160902651,L,18.2442129,70.72,14.11,15.17,SANDY LOAM
30,30,before,78.95,nocc,"MDF,bamboo",SHADEINTO,SHADEINTO,MIX,MIX,noclust,In,NoFire,533087,1722527,1.311,144.4444444,5.4127,185.92,305.73,20,86.76,145.26,0,557.75,1.19,244,6.5085,129.806,9524,8552,8016,6821,18049,11709,7634,7528,5039,27302,24946,3,0.451467632,6.23,slightly acid,12.24,M,97.07457745,H,46.95517162,VH,5.407251364,L,292.6824237,VH,0.748510111,H,9.220836643,M,1.715071354,M,0.197510173,L,11.88192828,61.76,22.65,15.59,SANDY LOAM
31,31,before,74.65,nocc,"MDF,bamboo",SHADETO,SHADETO,MIX,MIX,MIX,In,Fire,533085,1723575,1.2471,266.6666667,26.1225,815.96,434.88,169,1783,30,31,2447.88,6.86,249,26.5165,135,9506,8533,8011,6763,19693,11781,7683,7512,5041,27341,24925,3,0.488736015,6.51,neutral,11.5,M,90.04029086,H,48.52757169,VH,9.735202492,ML,400.0507583,VH,1.023095387,H,7.404537327,M,1.86128074,M,0.065719994,VL,10.35463345,49.44,32.9,17.66,LOAM
32,32,before,73.61,nocc,"MDF,bamboo",SHADETO,SHADETO,MIX,MIX,MIX,In,Fire,534135,1726725,1.0889,511.1111111,8.2788,783.76,254.27,181,0,1916,0,2351.27,1.16,216,7.0956,93.3665,9520,8535,7899,6750,18671,11264,7437,7389,5041,27452,24959,4,0.468943,6.32,slightly acid,17.31,MH,79.53225633,H,61.91665363,VH,3.219515785,L,325.3104665,VH,0.831953523,H,9.320120602,M,3.486833932,H,0.128125514,L,13.76703357,61.57,22.85,15.58,SANDY LOAM
33,33,before,81.09,nocc,"MDF,bamboo",SHADETO,SHADETO,MIX,MIX,noclust,Out,NoFire,533925,1725886,1.2117,1077.777778,12.3659,757.55,60.65,5,865,1342,0,2272.65,1.08,196,1.6667,0,9503,8530,7992,6791,19476,11642,7529,7417,5038,27368,24890,8,0.482925344,6.04,slightly acid,12.49,M,76.49195852,H,35.29143093,H,60.572053,VH,238.1135373,VH,0.60895488,H,7.1735556,M,1.623399136,M,0.147936004,L,9.553845619,66.03,25.53,8.44,SANDY LOAM
34,34,before,74.65,nocc,"MDF,bamboo",SHADETO,SHADETO,MIX,MIX,noclust,Out,NoFire,534134,1724626,1.2372,566.6666667,13.2211,876.09,522.39,493.31,126.32,1336.24,150,2628.26,3.98,207,10.1379,170.538,9498,8517,7963,6736,17928,10855,7268,7417,5038,27322,24908,11,0.453778787,6.07,slightly acid,10.2,M,94.84695868,H,35.06884357,H,7.869719418,ML,168.854106,VH,0.431829845,M,7.756894611,M,1.37276821,M,0.11289712,L,9.674389785,76.11,11.24,12.65,SANDY LOAM
35,35,before,83.69,nocc,MDF,SHADETO,SHADETO,MIX,MIX,MIX,Out,Fire,534138,1723576,1.1304,944.4444444,33.8642,568.22,541.24,10.41,521.5,631.5,0,1704.65,1.87,213,6.3465,203.199,9474,8477,7792,6652,17545,10506,7073,7113,5036,27321,24860,5,0.450179774,7.366,slightly alkkaline,17.96,MH,100,H,35.13334593,H,36.47214854,H,336.2814526,VH,0.860010876,H,26.26730549,VH,2.443400425,M,0.078399753,VL,29.64911654,62.65,23.01,14.34,SANDY LOAM
36,36,before,83.03,nocc,"MDF,bamboo",SHADETO,SHADETO,MIX,MIX,MIX,Out,Fire,534134,1722527,1.2152,1100,37.0992,1237.59,881.64,110,2348.64,372.48,0,3712.764742,4.98,205,6.4818,45,9481,8486,7795,6688,17710,10723,7093,7167,5034,27344,24913,11,0.451758341,6.47,slightly acid,15.56,MH,100,H,51.46800767,VH,84.50059177,VH,333.8036586,VH,0.853674131,H,15.26448387,H,3.147000467,H,0.242524678,L,19.50768315,71.68,15.68,12.64,SANDY LOAM
37,37,before,85.28,nocc,MDF,SHADETO,SHADETO,MIX,MIX,MIX,In,Fire,534136,1721480,1.2655,888.8888889,21.8445,265.16,86,137,27.48,545,0,795.48,5.07,213,2.6352,108.435,9464,8467,7861,6645,17885,10400,7080,7335,5041,27292,24900,3,0.458214431,6.37,slightly acid,10.59,M,100,H,31.47768124,MH,63.33168331,VH,286.7141618,VH,0.733246795,H,10.41719149,H,2.535841761,M,0.090831641,VL,13.77711169,70.21,18.86,10.93,SANDY LOAM
38,38,before,74.04,nocc,DDF,SHADEINTO,SHADEINTO,MIX,MIX,MIX,In,Fire,534136,1720426,1.3027,755.5555556,27.9212,1193.32,95.11,0,1610,1874.85,0,3579.96,1.15,226,8.8388,98.1301,9479,8509,7868,6744,18273,10844,7031,7484,5030,27424,24964,13,0.460846624,6.49,slightly acid,12.11,M,100,H,39.83436744,H,125.4783041,VH,302.6300918,VH,0.773950416,H,13.10855969,H,3.003364341,H,0.259390866,L,17.14526531,75.11,14.37,10.52,SANDY LOAM
39,39,before,79.16,nocc,DDF,SHADEINTO,SHADEINTO,MIX,MIX,MIX,In,Fire,534136,1719378,1.1695,633.3333333,22.8798,801.2,60.6,119,1256,968,0,2403.6,6.84,244,5.4327,212.471,9495,8500,7960,6738,18352,10746,7045,7536,5033,27307,24872,13,0.462893583,6.29,slightly acid,15.55,MH,94.15000029,H,50.54506667,VH,84.92226521,VH,214.1843491,VH,0.547758041,M,11.55993388,H,2.362391629,M,0.170241493,L,14.64032505,74.18,16.55,9.27,SANDY LOAM
40,40,before,75.75,nocc,MDF,SHADETO,SHADETO,MIX,MIX,MIX,In,Fire,534136,1718325,1.1633,533.3333333,24.834,636.33,328,347,900,334,0,1909,8.04,268,4.1667,0,9456,8491,7875,6736,17573,10563,7054,7440,5038,27268,24887,12,0.445801966,6.62,neutral,0.37,VL,100,H,40.7322588,H,185.8120539,VH,227.6653115,VH,0.664976271,H,14.72353675,H,3.200541594,H,0.14510887,L,18.73416349,68.25,18.74,13.01,SANDY LOAM
41,41,before,81.55,nocc,MDF,SHADETO,SHADETO,MIX,MIX,MIX,In,Fire,534138,1717276,1.279,444.4444444,23.74,1048.9,470.7,342,1005,1329,0,3146.7,1.32,276,12.4304,13.5704,9389,8383,7641,6574,17707,10373,6905,7203,5037,27155,24806,1,0.458506651,6.59,neutral,7.6,ML,100,H,33.97295368,MH,40.38136867,H,314.7101753,VH,0.80484419,H,11.63614028,H,2.264502941,M,0.215806369,L,14.92129378,76.25,10.86,12.89,SANDY LOAM
42,42,before,78.43,nocc,"MDF,bamboo",SHADETO,SHADEINTO,MIX,MIX,MIX,In,Fire,535187,1718328,1.1612,466.6666667,10.6508,1254.99,72.91,167,3094.06,431,0,3764.974182,16.61,273,7.5462,276.34,9429,8425,7800,6640,18085,10513,7035,7176,5024,27188,24822,13,0.46289181,6.89,neutral,19.32,MH,100,H,72.55464139,VH,356.9537813,VH,197.3705524,VH,0.504758203,M,18.50999281,H,2.764865069,M,0,VL,21.77961608,69.34,18.86,11.8,SANDY LOAM
43,43,before,70.14,nocc,"MDF,bamboo",SHADETO,SHADETO,MIX,MIX,MIX,In,Fire,535185,1719372,1.3041,644.4444444,22.9579,1032.74,167.22,770,1153,994,14,3098.22,10.4,234,2.9463,315,9473,8473,7822,6725,17230,10745,7187,7333,5023,27265,24796,11,0.438530578,6.48,slightly acid,9.23,ML,99.8798352,H,29.40840484,MH,24.77504261,MH,243.6910378,VH,0.623218858,H,6.533792403,M,1.890775941,M,0.171121587,L,9.218908789,76.92,10.86,12.22,SANDY LOAM
44,44,before,78.4,nocc,"MDF,bamboo",SHADETO,SHADETO,MIX,MIX,noclust,In,NoFire,535185,1720425,1.1589,611.1111111,23.0027,176.82,79,11,18.45,422,0,530.45,3.1,230,4.714,315,9477,8495,7886,6740,18349,10907,7178,7306,5023,27251,24888,3,0.462712743,5.73,moderately acid,15.92,MH,73.71587805,M,17.0714746,M,31.88422677,H,176.8316989,VH,0.452231852,M,8.713726427,M,2.289626819,M,0.279982687,L,11.73556779,84.59,5.79,9.62,LOAMY SAND
45,45,before,75.37,nocc,"MDF,bamboo",SHADETO,SHADETO,MIX,MIX,noclust,Out,NoFire,535185,1721473,1.3742,444.4444444,8.5846,929.93,454.74,530.84,659.2,1145,0,2789.78,0.96,216,3.7268,63.4349,9508,8524,7864,6759,17311,10890,7234,7415,5031,27319,24923,7,0.438388035,6.05,slightly acid,8,ML,87.76538061,H,32.08002168,MH,5.935318221,L,108.6493302,H,0.277861312,L,5.228586571,M,1.514782566,M,0,VL,7.021230448,81,13.51,5.49,LOAMY SAND
46,46,before,77.05,nocc,MDF,SHADETO,SHADETO,MIX,MIX,MIX,In,Fire,535190,1722524,1.307,711.1111111,18.8966,644.93,59.78,724,164,987,0,1934.78,6.45,204,9.1477,30.0686,9485,8516,7923,6750,17989,10632,7082,7452,5027,27350,24891,9,0.454302923,6.51,neutral,10.35,M,95.2605059,H,42.29154119,H,66.18193654,VH,235.0538804,VH,0.601130071,H,7.358907622,M,1.654036421,M,0.245388246,L,9.85946236,76.22,13.69,10.09,SANDY LOAM
47,47,before,73.81,nocc,"MDF,bamboo",POLYDE,POLYDE,POLYDE,POLYDE,POLYDE,In,Fire,535182,1723576,1.2978,555.5555556,22.5096,386.67,117,321,605,117,0,1160,2.25,195,2.4296,329.036,9467,8480,7797,6648,17776,10725,7127,7362,5017,27417,24976,13,0.455617425,6.01,slightly acid,8.23,ML,100,H,26.51839223,MH,22.38532394,MH,183.0414004,VH,0.468112629,M,7.255899863,M,2.482126836,M,0.223680333,L,10.42981966,81.89,10.11,8,LOAMY SAND
48,48,before,71.76,nocc,DDF,SHADEINTO,MIX,SHRUB & GRASS,SEEDLING & SHRUB,noclust,In,NoFire,535189,1724629,1.4156,1288.888889,11.5926,666.53,36.24,83,1605.14,275.22,0,1999.597573,5.29,190,10.3078,194.036,9605,8661,8140,7174,17046,11926,7909,7717,5024,27622,25081,13,0.407597027,5.47,strongly acid,6.35,ML,83.85828599,H,18.04812623,M,52.20455408,VH,147.6194821,VH,0.377524122,M,3.361080603,L,1.415638625,M,0.17075781,L,5.325001161,80.45,14.07,5.48,LOAMY SAND
49,49,before,74.82,nocc,DDF,SHADEINTO,SHADEINTO,MIX,MIX,MIX,In,Fire,535188,1725677,1.3895,988.8888889,24.411,493.83,39.83,29,402,1010.67,0,1481.497122,15.56,220,2.4296,120.964,9538,8585,7975,6913,16268,10911,7402,7533,5034,27663,25048,13,0.403563263,6.11,slightly acid,10.38,M,71.46748038,M,33.18130485,MH,27.87192294,H,131.4615224,VH,0.33620153,M,5.37934744,M,1.516447669,M,0.186327824,L,7.418324463,75.25,17.17,7.58,SANDY LOAM
50,50,before,65.14,nocc,DDF,SHADEINTO,SHADEINTO,MIX,MIX,MIX,In,Fire,535187,1726725,1.1739,633.3333333,14.9729,1622.97,97.38,113,947.54,3711,0,4868.922222,1.57,300,3.0046,303.69,9473,8494,7865,6702,17374,10671,7232,7298,5036,27434,24920,13,0.443263,5.37,strongly acid,9.13,ML,67.57812368,M,39.81554418,H,12.55889018,M,189.5890316,VH,0.484857633,M,4.390549913,L,1.294475146,M,0,VL,6.169882692,73.24,15.42,11.34,SANDY LOAM
51,51,before,52.12,nocc,"MDF,bamboo",SHADETO,SHADETO,MIX,MIX,MIX,In,Fire,536237,1726725,1.2476,388.8888889,21.0629,632.95,904.47,311.29,164.1,455,64,1898.86,2.47,235,10.623,78.6901,9497,8520,7854,6774,17468,11340,7539,7380,5047,27460,25050,13,0.44113522,6.06,slightly acid,0.37,VL,100,H,25.83972883,MH,12.72890969,M,228.5451307,VH,0.584484504,M,8.253105922,M,2.44917547,M,0.118725166,L,11.40549106,62.12,23.61,14.27,SANDY LOAM
52,52,before,78.84,nocc,MDF,SHADEINTO,SHADEINTO,MIX,MIX,MIX,In,Fire,536235,1725682,1.1809,733.3333333,14.9327,261.32,0.9,133,55.05,595,0,783.95,6.05,207,5.4327,147.529,9532,8536,7917,6822,17735,10845,7194,7374,5037,27784,25176,13,0.444394674,6.01,slightly acid,11.06,M,90.01343168,H,32.68,MH,17.83803068,MH,178.7932733,VH,0.45724841,M,7.946614388,M,1.460708379,M,0.090914366,VL,9.955485543,76.5,14.65,8.85,SANDY LOAM
53,53,before,62,nocc,DDF,SHADEINTO,SHADEINTO,SHRUB & GRASS,SEEDLING & SHRUB,SHRUB & SEEDLING,In,Fire,536233,1724627,1.4377,555.5555556,15.5371,1683.21,370,2874.63,1775,30,0,5049.628713,6.53,202,4.1667,36.8699,9629,8677,8182,7180,16900,11713,7825,7927,5030,27983,25324,13,0.403654485,4.62,very strongly acid,3.12,L,100,H,11.5777043,ML,11.7927962,M,134.910417,VH,0.345021781,M,1.792775829,L,1.049504102,M,0.326898271,M,3.514199984,84.14,9.97,5.89,LOAMY SAND
54,54,before,63.73,nocc,"MDF,bamboo",SHADETO,SHADETO,MIX,MIX,MIX,Out,Fire,536235,1723576,1.2701,200,6.4377,925.76,215.27,50,731,179,1602,2777.27,7.48,197,11.9315,294.775,9508,8510,8019,6733,19379,11154,7319,7551,5030,27468,24985,7,0.484298407,7.12,neutral,18.94,MH,100,H,54.68366534,VH,159.4584914,VH,406.8679203,VH,1.040529692,H,18.77683261,H,3.702812747,H,0.176882015,L,23.69705707,67.05,20.31,12.64,SANDY LOAM
55,55,before,81.32,nocc,MDF,POLYDE,POLYDE,POLYDE,POLYDE,POLYDE,Out,Fire,536235,1722526,1.2408,700,19.0084,268.62,68.87,282,454,1,0,805.87,6.31,196,4.7507,232.125,9433,8456,7819,6616,17536,10263,6972,7151,5027,27308,24890,1,0.452136469,6.38,slightly acid,8.64,ML,86.53695214,H,24.8500893,M,37.59977055,H,208.0154566,VH,0.531981629,M,5.246536601,M,1.614142125,M,0.08413231,VL,7.476792665,69.19,22.39,8.42,SANDY LOAM
56,56,before,78.69,nocc,"MDF,bamboo",SHADETO,SHADETO,MIX,MIX,MIX,Out,Fire,536237,1721476,1.2399,1044.444444,23.7981,482.59,194.78,426,267,524,36,1447.78,2.38,205,6.2639,3.8141,9454,8507,7876,6727,18689,10769,7181,7438,5040,27269,24880,6,0.47064841,6.56,neutral,6.97,ML,100,H,16.76446191,M,48.2228508,VH,271.3794837,VH,0.523263094,M,5.663337118,M,1.356553274,M,0.32357651,M,7.866729997,73.88,18.96,7.16,SANDY LOAM
57,57,before,66.82,nocc,DDF,POLYDE,POLYDE,POLYDE,POLYDE,POLYDE,Out,Fire,536235,1720427,1.3258,844.4444444,19.2264,1869.94,0.74,30,5084.34,494.74,0,5609.820909,16.73,223,3.7268,333.435,9435,8483,7706,6648,16616,9916,6773,7249,5035,27378,24928,11,0.428473177,6.41,slightly acid,6.36,ML,100,H,33.97036159,MH,13.00562208,M,192.8424198,VH,0.493177893,M,6.840617312,M,2.059544952,M,0.094465591,VL,9.487805748,84.43,10.09,5.48,LOAMY SAND
58,58,before,64.65,nocc,"MDF,bamboo",SHADETO,SHADEINTO,MIX,MIX,MIX,In,Fire,536237,1719376,1.2036,455.5555556,26.0136,941.87,649.31,934,1122.91,16.4,103,2825.615983,3.31,268,28.0129,329.621,9400,8433,7701,6646,16251,9913,6846,7263,5052,27171,24847,13,0.419487269,6.63,neutral,14.35,M,100,H,29.36421966,MH,86.6139438,VH,225.3617239,VH,0.576343215,M,11.6531754,H,2.302327289,M,0.083564406,VL,14.61541031,71.05,17.6,11.35,SANDY LOAM
59,59,before,73.46,nocc,DDF,SHADEINTO,SHADEINTO,MIX,MIX,MIX,In,Fire,536235,1718327,1.1688,977.7777778,22.2147,243.13,347.45,0,17.93,364,0,729.38,0.4,305,29.7268,264.369,9397,8457,7887,6730,16893,10242,6949,7383,5034,27561,25054,12,0.430216315,6.41,slightly acid,10.25,M,100,H,38.39630363,H,80.27113807,VH,187.5311438,VH,0.479594762,M,8.775993432,M,1.612943495,M,0.194472505,L,11.06300419,76.96,15.46,7.58,SANDY LOAM
60,60,before,65.69,nocc,DDF,SHADEINTO,SHADEINTO,MIX,MIX,MIX,In,Fire,537283,1718326,1.2406,1077.777778,25.9368,414.68,84.47,0.57,524,635,0,1244.04,3.37,386,17.6777,278.13,9383,8443,7909,6790,17425,10868,7232,7451,5018,27062,24788,10,0.439190584,6.07,slightly acid,15.69,MH,100,H,47.16849285,VH,262.7959525,VH,220.110265,VH,0.562913061,M,12.50150391,H,3.081828574,H,0,VL,16.14624554,74.91,17.08,8.01,SANDY LOAM
61,61,before,70.46,nocc,"MDF,bamboo",SHADEINTO,SHADEINTO,MIX,MIX,MIX,In,Fire,537289,1719377,0.9977,244.4444444,15.596,5.5,16,0,0,0.5,0,16.5,1.94,335,45.3267,299.157,9303,8366,7536,6500,14303,8976,6475,7053,5062,27002,24713,7,0.375090131,6.88,neutral,21.12,H,83.516665,H,58.04075111,VH,127.2773555,VH,261.9105431,VH,0.669813675,H,14.50792111,H,2.383304102,M,0.077680761,VL,17.63871965,68.23,17.01,14.76,SANDY LOAM
62,62,before,81.99,nocc,"MDF,bamboo",SHADETO,SHADETO,POLYDE,MIX,MIX,In,Fire,537287,1720428,1.1828,688.8888889,15.0509,336.42,247.63,293,269,199.62,0,1009.25,0.93,232,8.8388,225,9428,8449,7773,6647,17219,10725,7167,7325,5039,27260,24907,6,0.442973267,5.67,moderately acid,11.09,M,79.60492556,H,36.37622069,H,22.20248668,MH,128.6100813,VH,0.328909215,M,6.759634306,M,1.591665016,M,0.147977708,L,8.828186245,80.41,6.53,13.06,SANDY LOAM
63,63,before,67.11,nocc,DDF,SHADEINTO,SHADEINTO,MIX,MIX,MIX,In,Fire,537287,1721473,1.4966,1322.222222,20.9655,308.73,240.75,12,9.14,664.29,0,926.18,4.6,219,7.8617,327.995,9507,8565,7982,6858,16945,10800,7162,7479,5055,27614,25115,13,0.423770113,5.59,moderately acid,6.99,ML,55.75844075,M,17.97014925,M,33.8554499,H,94.67632173,H,0.242126545,L,2.686739701,L,0.869191213,L,0.099457549,VL,3.897515008,83.57,10.12,6.31,LOAMY SAND
64,64,before,64.28,nocc,DDF,SHADEINTO,SHADEINTO,MIX,SEEDLING & SHRUB,MIX,In,Fire,537284,1722528,1.3363,644.4444444,17.5741,495.4,379.22,7,670.97,429,0,1486.19,2.26,217,14.6368,4.8991,9447,8507,7830,6763,17263,10786,7138,7429,5040,27520,24987,13,0.437026555,5.97,moderately acid,2.34,VL,100,H,36.81453666,H,70.00254555,VH,93.93116741,H,0.240220877,L,5.026244218,M,1.2548191,M,0.09009055,VL,6.611374745,82.54,9.45,8.01,LOAMY SAND
65,65,before,69.91,nocc,MDF,SHADEINTO,SHADEINTO,MIX,MIX,MIX,In,Fire,537284,1723574,1.2608,488.8888889,14.4002,269.83,100.75,186,231.26,291.47,0,809.48,1.97,187,9.5924,55.6197,9480,8549,7893,6768,17450,10836,7199,7372,5018,27514,25052,13,0.441076885,5.98,moderately acid,11.57,M,78.50009753,H,16.1903142,M,31.68287651,H,125.7355856,VH,0.32155794,M,6.355030659,M,2.245468086,M,0.160404599,L,9.082461284,80.8,10.37,8.83,LOAMY SAND
66,66,before,87.42,nocc,DDF,SHADEINTO,SHADEINTO,MIX,MIX,SHRUB & SEEDLING,In,Fire,537290,1724618,1.3948,888.8888889,22.8939,470,388.01,485,364,173,0,1410.01,2.25,186,8.2074,336.038,9531,8593,8087,6941,18434,11667,7632,7605,5040,27618,25150,13,0.452926108,5.99,moderately acid,5.54,ML,76.66426181,H,16.09531529,M,4.259740528,L,76.21737038,M,0.194919366,VL,3.053121322,L,0.887246443,L,0.111912974,L,4.247200104,80.68,13.84,5.48,LOAMY SAND
67,67,before,68.96,nocc,DDF,SHADEINTO,SHADEINTO,MIX,SEEDLING & SHRUB,SHRUB & SEEDLING,Out,Fire,537290,1725676,1.354,811.1111111,22.7492,577.94,183.36,0,1442,108.46,0,1733.82,8.82,199,11.0711,109.799,9555,8619,7936,6889,17420,11515,7520,7486,5023,27865,25311,13,0.433214036,5.75,moderately acid,6.84,ML,71.90263403,M,18.35043607,M,5.013996719,L,150.6638474,VH,0.385309824,M,3.660387968,L,0.73439891,L,0.138043466,L,4.918140168,77.01,16.26,6.73,LOAMY SAND
68,68,before,67.05,nocc,DDF,SHADEINTO,SHADEINTO,MIX,SEEDLING & SHRUB,SHRUB & SEEDLING,Out,Fire,537287,1726725,1.2296,1344.444444,23.0945,538.51,44.54,1384,176,11,0,1615.54,1.25,357,13.1762,214.695,9597,8689,8299,7158,18021,12444,8075,7789,5040,28051,25300,13,0.431430954,5.99,moderately acid,8.51,ML,90.26468674,H,23.52389269,M,17.48826537,MH,209.1433198,VH,0.534866042,M,5.566679149,M,1.381498813,M,0.198480838,L,7.681524842,78.61,12.54,8.85,SANDY LOAM
69,69,before,73.52,nocc,DDF,SHADEINTO,SHADEINTO,MIX,SEEDLING & SHRUB,SHRUB & SEEDLING,Out,Fire,538336,1726729,1.3076,800,15.3601,1483.66,364.15,218,2866.58,1002.25,0,4450.97905,26.9,189,2.6352,198.435,9457,8514,7796,6743,16738,10950,7281,7385,5038,27516,25072,13,0.425663302,5.79,moderately acid,8.7,ML,75.31982226,H,30.11031741,MH,8.405818029,ML,127.2445311,VH,0.325416938,M,5.164123865,M,0.96336178,L,0.099921953,VL,6.552824536,81.93,9.67,8.4,LOAMY SAND
70,70,before,71.27,nocc,"MDF,bamboo",SHADETO,SHADETO,MIX,MIX,noclust,Out,NoFire,538332,1725679,1.2607,366.6666667,14.3472,1853.4,86.62,76,4793.56,604,0,5560.187457,14.47,184,3.4359,345.964,9473,8521,7967,6760,17222,10817,7249,7527,5058,27504,24995,12,0.43624385,5.89,moderately acid,17.77,MH,70.60846635,M,52.25900383,VH,16.65186501,MH,200.6188958,VH,0.513065561,M,9.878131013,M,2.155927896,M,0,VL,12.54712447,71.9,16.79,11.31,SANDY LOAM
71,71,before,68.12,nocc,"MDF,bamboo",SHADETO,SHADETO,MIX,MIX,noclust,Out,NoFire,538313,1724596,1.2351,711.1111111,13.2632,490.67,798,460,213,1,0,1472,1.03,169,12.6519,162.759,9473,8531,7768,6711,18696,10290,6994,7256,5028,27401,24965,6,0.471720392,5.88,moderately acid,7.05,ML,74.41191485,M,27.21563718,MH,72.50385814,VH,69.39892739,M,0.177481785,VL,4.369577409,L,0.698980803,L,0,VL,5.246039997,89.44,2.14,8.42,SAND
72,72,before,83.32,nocc,"MDF,bamboo",SHADETO,SHADETO,MIX,MIX,MIX,In,Fire,538333,1723575,1.3269,522.2222222,12.934,364.92,277,131.08,137.18,549.5,0,1094.76,2.4,176,6.5085,309.806,9507,8543,7912,6776,17836,10936,7301,7368,5035,27481,25015,2,0.449374289,6.79,neutral,18.39,MH,97.9905853,H,34.43382708,MH,24.67711754,MH,114.8845801,H,0.293807427,L,15.1033091,H,2.570475317,M,0.05287679,VL,18.02046864,70.44,11.93,17.63,SANDY LOAM
73,73,before,73,nocc,DDF,SHADEINTO,SHADEINTO,MIX,MIX,MIX,In,Fire,538334,1722522,1.2932,777.7777778,14.6547,248.17,454.21,94,181,15.3,0,744.51,2.9,196,4.2899,60.9454,9445,8513,7802,6710,17139,10515,7023,7371,5054,27421,25010,13,0.437292968,6.67,neutral,12.18,M,100,H,22.65147802,M,97.99587386,VH,158.133754,VH,0.404413467,M,10.92619598,H,2.113082729,M,0.191759068,L,13.63545125,82.48,10.37,7.15,LOAMY SAND
74,74,before,62.89,nocc,DDF,SHADEINTO,SHADEINTO,MIX,SEEDLING & SHRUB,SHRUB & SEEDLING,In,Fire,538336,1721476,1.379,822.2222222,16.5699,622.07,37,48.22,1704,77,0,1866.22,27.13,210,7.7505,216.254,9499,8543,8029,6878,17620,11013,7207,7500,5019,27719,25175,13,0.438484774,5.89,moderately acid,4.44,L,67.3710895,M,15.69628454,M,58.35683866,VH,121.6575543,VH,0.311128726,M,1.716442144,L,0.935107486,L,0.028598019,VL,2.991276374,83.23,8.37,8.4,LOAMY SAND
75,75,before,74.59,nocc,"MDF,bamboo",SHADEINTO,SHADEINTO,MIX,MIX,MIX,In,Fire,538338,1720427,1.0855,233.3333333,14.1638,49.46,69.11,23,0,56.28,0,148.39,3.86,243,13.7563,1.7357,9436,8481,7803,6718,16538,10464,7061,7414,5049,27349,24902,13,0.422256622,5.56,moderately acid,19.8,MH,63.54837922,M,83.97848606,VH,33.85329652,H,225.0630438,VH,0.575579366,M,9.503685534,M,2.396266894,M,0.107047291,L,12.58257909,73,15.66,11.34,SANDY LOAM
76,76,before,70.11,nocc,"MDF,bamboo",SHADEINTO,MIX,MIX,SEEDLING & SHRUB,SHRUB & GRASS ,In,Fire,538336,1719377,1.1882,255.5555556,7.3583,97,108,0,0,2,181,291,10.8,395,32.8718,239.534,9387,8461,7849,6759,16517,10610,7239,7332,4984,27110,24794,9,0.419230108,6.09,slightly acid,14.07,M,83.13099241,H,45.73042904,VH,36.28815065,H,245.9950382,VH,0.629111141,H,8.510115335,M,2.329412315,M,0.227891842,L,11.69653063,70.31,16.21,13.48,SANDY LOAM
77,77,before,68.61,nocc,"MDF,bamboo",SHADEINTO,SHADEINTO,MIX,MIX,MIX,In,Fire,538335,1718325,1.2047,322.2222222,12.8278,494.82,424.36,291,283.52,305.58,180,1484.46,6.51,524,5.3033,45,9282,8333,7629,6588,15919,9903,6928,7211,5038,26912,24614,10,0.41458213,5.83,moderately acid,14.82,M,67.56575937,M,52.79793035,VH,36.4222738,H,221.4514532,VH,0.566343034,M,7.034666618,M,2.183121325,M,0.229114562,L,10.01324554,66.24,17.35,16.41,SANDY LOAM
78,78,before,62.2,nocc,"MDF,bamboo",SHADETO,SHADETO,MIX,MIX,MIX,In,Fire,539386,1718327,1.1716,322.2222222,9.2602,398.58,74.14,105,300,205.59,511,1195.73,9.24,426,15.4223,51.5819,9309,8362,7645,6593,15546,9728,6869,7186,5045,26897,24657,2,0.404399476,6.01,slightly acid,14.78,M,68.461034,M,41.63938546,H,129.9226644,VH,218.9737843,VH,0.560006609,M,7.595120584,M,1.873363142,M,0.09005049,VL,10.11854083,70.16,20.59,9.25,SANDY LOAM
79,79,before,71.88,nocc,"MDF,bamboo",SHADEINTO,SHADEINTO,MIX,MIX,MIX,In,Fire,539380,1719374,1.1584,422.2222222,12.2159,85.42,62.52,0,0.66,193.08,0,256.26,0.99,323,15.0578,194.421,9441,8512,8026,6849,18220,11551,7582,7473,5023,27317,24909,13,0.453588097,7.1,neutral,20.27,H,100,H,74.09158835,VH,114.5481382,VH,369.4365854,VH,0.944802275,H,25.45491739,VH,2.710689762,M,0.344560685,M,29.45497011,70.97,20.17,8.86,SANDY LOAM
80,80,before,73.67,nocc,DDF,SHADEINTO,SHADEINTO,MIX,MIX,MIX,In,Fire,539357,1720425,1.3964,1366.666667,21.6134,240.88,224.96,44,280.18,173.49,0,722.63,2.32,235,5.2705,108.435,9469,8532,7921,6747,18304,10808,7180,7450,5037,27327,24950,13,0.461338869,5.49,strongly acid,9.43,ML,72.50748186,M,36.33718619,H,40.35500836,H,174.1042962,VH,0.445256755,M,4.938420044,L,1.346968164,M,0.106810577,L,6.837455539,84.34,5.16,10.5,LOAMY SAND
81,81,before,75.44,nocc,DDF,SHADEINTO,SHADEINTO,MIX,MIX,MIX,In,Fire,539385,1721472,1.2956,633.3333333,18.1881,439.71,216.58,38,373,691.55,0,1319.13,4.73,221,5.8035,291.038,9474,8510,7896,6736,18946,10862,7067,7407,5038,27427,24924,12,0.475430262,6.72,neutral,8.25,ML,100,H,26.23699187,MH,75.65236226,VH,132.7997922,VH,0.33962404,M,6.844494406,M,1.087851353,M,0.049408284,VL,8.321378083,80.18,10.16,9.66,LOAMY SAND
82,82,before,67.02,nocc,MDF,SHADEINTO,SHADEINTO,MIX,MIX,MIX,Out,Fire,539385,1722525,1.2872,1155.555556,18.0383,580.68,211.62,237.52,719,573.89,0,1742.03,4.14,189,10.0347,131.634,9466,8499,7770,6690,17213,10508,7080,7303,5043,27512,25037,13,0.440237627,6.31,slightly acid,2.73,VL,100,H,9.883102218,L,54.27183752,VH,154.4237036,VH,0.394925333,M,7.162521855,M,1.884249389,M,0.116637318,L,9.558333895,80.77,12.07,7.16,LOAMY SAND
83,83,before,77.22,nocc,"MDF,bamboo",SHADETO,SHADETO,MIX,MIX,MIX,Out,Fire,539385,1723576,1.2487,433.3333333,11.7757,784.96,333.97,63,209,1748.76,0.14,2354.873095,3.4,180,6.5085,39.8056,9519,8575,7995,6839,17460,10805,7248,7498,5011,27428,24974,9,0.437096177,6.6,neutral,10.77,M,93.80159269,H,34.94655212,MH,38.79861503,H,156.7021113,VH,0.400752164,M,7.379403909,M,2.277137546,M,0.045137914,VL,10.10243153,76.16,13.31,10.53,SANDY LOAM
84,84,before,87.24,nocc,DDF,SHADEINTO,SHADEINTO,MIX,MIX,MIX,Out,Fire,539382,1724627,1.3052,677.7777778,18.1177,1724.15,319,121,2460.78,2271.66,0,5172.442529,7.27,181,16.9661,245.323,9527,8568,7903,6833,17412,11076,7328,7471,5034,27599,25080,13,0.436337389,5.94,moderately acid,11.17,M,73.53769622,M,42.22598855,H,5.454743809,L,135.0470843,VH,0.345371296,M,6.615768769,M,1.153822373,M,0.09919823,VL,8.214160668,76.81,13.95,9.24,SANDY LOAM
85,85,before,57.03,nocc,DDF,SHADEINTO,SHADEINTO,MIX,MIX,MIX,Out,Fire,539383,1725675,1.4846,755.5555556,14.3856,2091.22,396.64,1121.85,2053.18,2702,0,6273.663442,7.94,191,4.2899,240.945,9552,8651,8024,7047,16360,11517,7858,7554,5024,27796,25209,13,0.397872431,6.14,slightly acid,4.1,L,99.49629041,H,19.77637412,M,5.61827738,L,64.83420688,M,0.165807905,VL,3.083480147,L,0.638688536,L,0.191371319,L,4.079347907,83.69,7.46,8.85,LOAMY SAND
86,86,before,51.19,nocc,DDF,SHADEINTO,SHADEINTO,MIX,MIX,MIX,Out,Fire,539386,1726726,1.5052,744.4444444,15.5982,486.83,690.89,59.3,301.45,408.86,0,1460.5,1.39,196,1.8634,296.565,9609,8700,8115,7168,16024,11594,8027,7711,5030,27778,25212,13,0.381855812,5.49,strongly acid,3.99,L,58.71729024,M,18.41242255,M,4.22748743,L,65.77659976,M,0.168217993,VL,1.449130279,L,0.560206642,L,0.165264966,L,2.34281988,87.13,7.41,5.46,LOAMY SAND
87,87,before,78.14,nocc,"MDF,bamboo",SHADEINTO,SHADEINTO,MIX,MIX,MIX,In,Fire,540439,1726729,1.2558,962.2222222,15.0651,653.23,417.36,339,600,603.33,0,1959.69,1.6,216,5.5902,63.4349,9545,8595,8082,6866,18213,11148,7373,7553,5054,27335,24883,6,0.452450257,5.84,moderately acid,13.07,M,100,H,33.4708439,MH,38.63232682,H,292.5803671,VH,0.74824911,H,11.01198533,H,2.728238377,M,0.104210843,L,14.59268366,62.36,23.75,13.89,SANDY LOAM
88,88,before,82.39,nocc,DDF,SHADEINTO,SHADEINTO,DENDUM,MIX,MIX,In,Fire,540437,1725673,1.1664,422.2222222,9.9487,402,186,13,486,508,13,1206,10.8,192,6.7186,172.875,9495,8551,7934,6802,17208,10899,7260,7385,5044,27660,25109,13,0.433402749,6.62,neutral,20.34,H,88.34712316,H,34.67744631,MH,22.56298524,MH,162.2668208,VH,0.41498343,M,14.92092029,H,2.544586961,M,0.089314171,VL,17.96980485,71.18,12.01,16.81,SANDY LOAM
89,89,before,37.5,nocc,DDF,SHADEINTO,SHADEINTO,MIX,SEEDLING & SHRUB,SHRUB & SEEDLING,In,Fire,540438,1724635,1.4809,366.6666667,11.6875,1538.05,564.15,512,3338,200,0,4614.15,14.84,181,6.2639,266.186,9537,8604,7964,6978,15912,11065,7625,7578,5032,27714,25158,13,0.390301442,5.72,moderately acid,6.39,ML,79.86742582,H,12.43394804,ML,162.9152957,VH,64.30379827,M,0.16445143,VL,3.975611317,L,0.875833118,L,0.087632644,VL,5.10352851,84.41,8.44,7.15,LOAMY SAND
90,90,before,75.25,nocc,MDF,SHADETO,SHADETO,MIX,MIX,MIX,In,Fire,540435,1723575,1.1658,1133.333333,20.399,956.49,437.88,723.31,265,1443.29,0,2869.480284,20.8,174,4.714,315,9494,8532,7941,6716,19172,10760,7096,7415,5024,27528,25074,13,0.481149567,5.82,moderately acid,20.58,H,85.00216303,H,78.94364306,VH,70.18401797,VH,245.9198177,VH,0.628918771,H,13.97840177,H,2.738893743,M,0.147230866,L,17.49344515,68.56,16.74,14.7,SANDY LOAM
91,91,before,66.01,nocc,DDF,SHADEINTO,SHADEINTO,MIX,MIX,MIX,In,Fire,540434,1722523,1.4445,722.2222222,24.2125,1269.22,336,667,690.07,2114.58,0,3807.650392,1.48,193,6.5881,198.435,9485,8533,7848,6752,17440,10407,6998,7338,5024,27601,25057,12,0.441798942,5.5,strongly acid,5.98,ML,44.12682525,M,18.76142534,M,59.54761991,VH,69.35846943,M,0.177378317,VL,1.563739003,L,0.865175458,L,0.032491373,VL,2.63878415,84.23,9.46,6.31,LOAMY SAND
92,92,before,76.99,nocc,DDF,POLYDE,POLYDE,POLYDE,POLYDE,POLYDE,In,Fire,540432,1721477,1.4219,1600,20.456,1221.53,102.41,10,2250,1302.18,0,3664.59,4.97,201,10.0173,45,9466,8511,7812,6691,17971,10375,6912,7318,5038,27462,25102,13,0.457383829,6.23,slightly acid,4.37,L,82.23211747,H,29.92555765,MH,30.35543454,H,62.24255502,M,0.159179978,VL,2.581796518,L,0.803179496,L,0.049387542,VL,3.593543533,86.33,6.08,7.59,LOAMY SAND
93,93,before,70.34,nocc,DDF,SHADEINTO,SHADEINTO,MIX,MIX,MIX,In,Fire,540438,1720424,1.3127,1333.333333,22.2569,221.37,74.9,216,120.2,253,0,664.1,3.5,223,0.5893,315,9482,8524,7946,6760,18479,10753,7091,7499,5028,27393,25008,13,0.46432109,5.72,moderately acid,9.61,ML,56.92527041,M,32.22692308,MH,90.96450076,VH,163.3677338,VH,0.41779892,M,3.782970916,L,1.167159283,M,0.102589368,L,5.470518486,78.53,14.74,6.73,LOAMY SAND
94,94,before,77.28,nocc,MDF,SHADETO,SHADETO,MIX,MIX,MIX,In,Fire,540437,1719377,1.0058,477.7777778,27.222,649.88,1160,175,141.64,163,310,1949.64,0.88,234,16.7602,124.875,9431,8448,7765,6641,16988,9893,6920,7355,5049,27278,24954,0,0.437894113,6.48,slightly acid,22.88,H,86.81737818,H,46.62649991,VH,89.20055417,VH,285.171065,VH,0.729300458,H,15.93889837,H,3.093111601,H,0.1025057,L,19.86381613,73.69,16.64,9.67,SANDY LOAM
95,95,before,71.1,nocc,"MDF,bamboo",SHADEINTO,SHADEINTO,DENDUM,MIX,noclust,In,NoFire,540445,1718328,1.1717,288.8888889,16.7906,1198.01,223.96,0.79,3316.87,35.92,16.5,3594.038238,17.49,318,37.6017,102.804,9446,8511,7915,6811,18430,11404,7434,7434,5033,27515,25045,13,0.460322491,6.43,slightly acid,11.21,M,88.39960429,H,27.95302332,MH,99.9849934,VH,164.9213425,VH,0.421772141,M,7.561637919,M,1.845858208,M,0.080327374,VL,9.909595641,79.29,11.06,9.65,SANDY LOAM
96,96,before,76.09,nocc,"MDF,bamboo",SHADEINTO,SHADEINTO,MIX,MIX,noclust,In,NoFire,541482,1715174,1.1811,1033.333333,12.4034,2366.31,5811.17,82,61.57,1144.18,0,7098.916471,3.8,207,17.0884,1.3972,9474,8524,7876,6741,17770,10988,7363,7422,5029,27258,24934,3,0.449961242,5.89,moderately acid,14.8,M,100,H,45.09787177,VH,5.659457389,L,447.4665331,VH,1.144357151,H,14.20545567,H,3.234037355,H,0.112619289,L,18.69646946,68.06,17.24,14.7,SANDY LOAM
97,97,before,63.06,nocc,DDF,SHADEINTO,SHADEINTO,MIX,MIX,MIX,Out,Fire,541488,1716226,1.3575,655.5555556,21.3071,998.56,724.84,97,82.02,2091.82,0,2995.685735,3.05,273,29.113,189.058,9575,8647,8210,7026,18577,11908,7714,7764,5032,27843,25328,13,0.451158067,5.16,strongly acid,7.09,ML,53.10814397,M,20.09594845,M,39.30932068,H,100.0342535,H,0.255828995,L,2.592259033,L,0.786442048,L,0.130837332,L,3.765367408,82.67,8.9,8.43,LOAMY SAND
98,98,before,84.27,nocc,"MDF,bamboo",SHADETO,SHADETO,MIX,MIX,MIX,Out,Fire,541483,1717273,1.1735,855.5555556,15.0931,562.53,766.79,232,5.66,683.14,0,1687.59,2.86,228,6.8718,345.964,9441,8485,7877,6685,18955,10972,7276,7283,5027,27165,24778,2,0.478549142,6.75,neutral,11.93,M,91.47645011,H,29.45683761,MH,75.56371458,VH,246.8939173,VH,0.631409947,H,8.601255724,M,1.575743336,M,0.104731492,L,10.9131405,72.82,11.65,15.53,SANDY LOAM
99,99,before,80.51,nocc,DDF,SHADEINTO,SHADEINTO,MIX,MIX,MIX,Out,Fire,541487,1718323,1.2912,1066.666667,26.2396,957.49,177.47,59,799,1837,0,2872.47,3.1,225,4.2492,101.31,9477,8506,7997,6761,18068,10441,6990,7502,5027,27541,25102,13,0.455394901,5.97,moderately acid,9.35,ML,62.90234477,M,27.00628293,MH,75.91185134,VH,90.06194547,H,0.230325675,L,3.845903613,L,1.769321943,M,0.035818006,VL,5.881369236,80.55,11.62,7.83,LOAMY SAND
100,100,before,52.64,nocc,DDF,SHADEINTO,SHADEINTO,MIX,MIX,MIX,Out,Fire,541485,1719374,1.5433,1288.888889,12.3553,420.77,35.13,48.91,257,921.26,0,1262.3,2.56,206,6.8971,115.017,9550,8616,7966,6928,16805,11149,7515,7417,5038,27474,24998,13,0.416171575,5.62,moderately acid,4.3,L,51.46833281,M,8.682692308,L,12.43123329,M,45.04454794,L,0.115197555,VL,1.350193047,L,0.688904278,L,0.058843431,VL,2.213138311,82.25,6.4,11.35,LOAMY SAND
101,101,before,66.53,nocc,DDF,SHADEINTO,SHADEINTO,MIX,SEEDLING & SHRUB,SHRUB & SEEDLING,Out,Fire,541485,1720424,1.4035,900,22.8115,1113.54,121,288,2085.61,846,0,3340.607843,3.57,192,7.6603,45,9502,8534,7903,6826,17278,10919,7227,7436,5024,27663,25120,13,0.433620976,5.92,moderately acid,5.65,ML,58.11936932,M,18.13071661,M,21.53197728,MH,56.40840962,L,0.144259653,VL,2.301674187,L,0.807854305,L,0.029956221,VL,3.283744366,87.05,5.8,7.15,LOAMY SAND
102,102,before,63.27,nocc,DDF,SHADETO,SHADETO,MIX,MIX,MIX,In,Fire,541487,1721477,1.3019,1711.111111,25.0027,666.12,745.97,418,291,543.39,0,1998.36,4.13,183,10.8333,0,9502,8542,7865,6775,17912,10914,7135,7427,5011,27477,24963,13,0.451128124,5.57,moderately acid,8.59,ML,70.18702226,M,30.41956507,MH,6.845064252,ML,83.953243,M,0.214703194,L,4.653486153,L,1.062734187,M,0.098141678,VL,6.029065212,83.16,8.87,7.97,LOAMY SAND
103,103,before,67.72,nocc,MDF,SHADEINTO,SHADEINTO,DENDUM,MIX,MIX,In,Fire,541485,1722527,1.2671,888.8888889,17.1361,1065.33,76,236,2153,731,0,3196,9.6,181,11.1181,102.995,9472,8523,7860,6713,18702,10931,7226,7490,5016,27492,25041,13,0.471729294,7.06,neutral,10.36,M,100,H,21.9195122,M,122.8998177,VH,181.083082,VH,0.463104399,M,12.74584963,H,1.953328826,M,0.108131367,L,15.27041422,73.47,16.45,10.08,SANDY LOAM
104,104,before,5.63,nocc,OpenArea,SHADEINTO,noclust,noclust,MIX,noclust,In,NoFire,541487,1723580,1.3291,88.88888889,1.0314,1034.83,1528.49,1549,22,5,0,3104.49,78.1,161,6.4818,45,9655,8748,8577,7194,21521,12158,8021,7990,5025,27854,25244,13,0.498937837,5.75,moderately acid,3.94,L,100,H,13.97529188,ML,55.57973486,VH,155.4675812,VH,0.39759496,M,4.452447617,L,0.834791958,L,0.082157142,VL,5.766991677,67.96,16.43,15.61,SANDY LOAM
105,105,before,74.76,nocc,"MDF,bamboo",SHADEINTO,SHADEINTO,MIX,MIX,MIX,In,Fire,541486,1724628,1.1711,311.1111111,7.9895,610.51,375.44,365,10,1081.08,0,1831.52,1.21,191,8.8388,81.8699,9550,8615,8140,6908,18243,11475,7530,7562,5022,27505,25025,13,0.450677905,6.37,slightly acid,15.28,MH,80.31815188,H,21.37534142,M,34.20140345,H,171.6442763,VH,0.438965465,M,9.530412938,M,2.213688709,M,0.089546495,VL,12.27261361,73.17,13.83,13,SANDY LOAM
106,106,before,0,nocc,OpenArea,NA,noclust,noclust,NA,noclust,Out,Fire,541483,1725676,1.4119,0,0,0,0,0,0,0,0,0,0,188,11.2577,38.991,9823,9004,8586,8054,15386,14613,10414,8367,5033,28016,25406,13,0.312798635,5.86,moderately acid,12.92,M,80.31570411,H,20.56364377,M,152.4960269,VH,186.1358707,VH,0.476026471,M,8.183074989,M,1.566500177,M,0.151187334,L,10.37678897,74.91,11.61,13.48,SANDY LOAM
107,107,before,70.75,nocc,OpenArea,SHADEINTO,noclust,noclust,MIX,noclust,Out,NoFire,541488,1726727,1.5205,466.6666667,8.8888,15.21,45.64,0,0,0,0,45.64,3.92,187,4.2899,209.055,9598,8638,8122,6985,17895,12659,8144,7514,5053,28183,25490,9,0.438504823,5.67,moderately acid,10.38,M,78.44226988,H,36.67774757,H,202.6230475,VH,222.6409176,VH,0.569384987,M,6.300618081,M,1.190505494,M,0.081799052,VL,8.142307614,75.6,9.66,14.74,SANDY LOAM
108,108,before,37.87,nocc,OpenArea,SHADEINTO,noclust,noclust,MIX,noclust,Out,NoFire,542534,1723575,1.393,144.4444444,28.3976,1388.02,1834.41,1617.66,685,27,0,4164.070793,24.46,159,2.4296,239.036,9622,8718,8161,7122,17815,11575,8055,7725,5034,28119,25349,10,0.428800577,6.75,neutral,23.23,H,100,H,22.91585366,M,37.12960951,H,219.4562044,VH,0.561240357,M,19.777589,H,3.175812256,H,0.156846533,L,23.67148814,43.36,30.57,26.07,LOAM
109,109,before,69.62,nocc,MDF,SHADETO,SHADEINTO,MIX,MIX,noclust,Out,NoFire,542535,1722735,1.2654,1166.666667,19.651,1090.52,209,0,2675,387.57,0,3271.57,8.56,161,2.4296,300.964,9605,8630,8121,6921,19430,11198,7359,7672,5017,27805,25243,10,0.474706842,6.61,neutral,7.91,ML,100,H,24.28728838,M,122.4363653,VH,139.1659417,VH,0.35590492,M,6.589294129,M,1.351487898,M,0.06524307,VL,8.361930017,82.51,10.33,7.16,LOAMY SAND
110,110,before,29.26,nocc,OpenArea,SHADEINTO,noclust,noclust,NA,noclust,Out,NoFire,542535,1721477,1.2952,222.2222222,7.3995,2216.9,2750.64,3775.08,80,45,0,6650.710993,1.1,173,11.9315,204.775,9561,8636,8165,6900,18769,10973,7239,7779,5031,27676,25210,13,0.462386536,5.5,strongly acid,5.98,ML,36.541843,M,17.34369983,M,74.9237459,VH,66.54326726,M,0.17017868,VL,1.317053315,L,0.573101121,L,0.124869096,L,2.185202212,85.88,7.37,6.75,LOAMY SAND
111,111,before,68.76,nocc,DDF,POLYDE,POLYDE,MIX,POLYDE,noclust,In,NoFire,542534,1720427,1.2728,1088.888889,17.2567,698.33,751,207,822,315,0,2095,1.54,186,7.6603,292.38,9452,8480,7809,6655,17069,10177,6883,7267,5026,27521,25060,13,0.438964761,5.63,moderately acid,10.26,M,79.79623158,H,19.79276985,M,74.74104426,VH,184.8267565,VH,0.472678524,M,6.04389591,M,1.670518926,M,0,VL,8.187093361,81.34,8.16,10.5,LOAMY SAND
112,112,before,73.44,nocc,DDF,SHADEINTO,SHADEINTO,MIX,MIX,noclust,In,NoFire,542537,1719376,1.4542,1233.333333,26.5537,329.87,131.39,2,61.22,795,0,989.61,0.89,189,4.1248,45,9548,8571,8073,6870,18131,10796,7156,7523,5024,27488,25087,13,0.450421983,5.81,moderately acid,6.33,ML,75.50954696,H,12.04998293,ML,31.11269515,H,85.65006783,M,0.219042678,L,3.604665502,L,0.956046143,L,0,VL,4.779754323,86.45,6.38,7.17,LOAMY SAND
113,113,before,53.39,nocc,DDF,SHADEINTO,SHADEINTO,MIX,MIX,noclust,In,NoFire,542538,1718322,1.3877,1033.333333,11.3655,175.01,193.39,211,23.65,97,0,525.04,1.11,198,5.559,167.005,9724,8826,8537,7658,17176,12653,8520,8332,5037,27855,25290,13,0.383264879,5.27,strongly acid,5.2,ML,48.33802661,M,15.54187386,M,6.40596337,ML,46.77397541,L,0.119620417,VL,1.291733537,L,1.005787708,M,0.096435721,VL,2.513577384,85.28,7.57,7.15,LOAMY SAND
114,114,before,76.24,nocc,"MDF,bamboo",SHADEINTO,SHADEINTO,MIX,MIX,MIX,Out,Fire,542532,1717280,1.2944,844.4444444,24.8076,565.89,479.78,17.54,1060.07,140.29,0,1697.68,5.44,213,13.7563,305.134,9483,8526,7980,6792,18079,11190,7373,7460,5012,27282,24867,6,0.45382172,6.62,neutral,10.58,M,80.34292449,H,16.34622713,M,74.80329504,VH,165.90271,VH,0.424281904,M,6.591692256,M,1.41266464,M,0.071642611,VL,8.500281411,73.72,17.04,9.24,SANDY LOAM
115,115,before,71.88,nocc,"MDF,bamboo",SHADEINTO,MIX,MIX,SEEDLING & SHRUB,SHRUB & GRASS ,Out,Fire,542537,1716226,1.1269,222.2222222,9.3568,3.63,1.92,0,0,0.98,8,10.9,11.27,237,8.8388,171.87,9498,8555,7966,6847,17743,11870,7756,7329,5028,27524,25125,12,0.443106954,5.95,moderately acid,16.07,MH,70.10846454,M,44.9187251,H,5.771127573,L,207.0291161,VH,0.529459148,M,8.563046342,M,2.08488191,M,0.089042851,VL,11.26643025,70.18,17.64,12.18,SANDY LOAM
116,116,before,57.75,nocc,DDF,SHADEINTO,SHADEINTO,MIX,MIX,MIX,Out,Fire,543586,1716228,1.4646,955.5555556,19.2191,615.13,244.29,670.93,35.17,895,0,1845.39,0.75,182,9.3169,79.6952,9556,8641,8100,7075,17565,11980,7927,7710,5023,27771,25221,13,0.425730519,4.94,very strongly acid,3.49,L,43.7327689,M,15.75391679,M,0,VL,62.03876076,M,0.158658792,VL,0.822474143,L,0.422543253,L,0.122597447,L,1.526273635,82.02,2.44,15.54,SANDY LOAM
117,117,before,77.65,nocc,"MDF,bamboo",SHADEINTO,SHADEINTO,MIX,MIX,MIX,Out,Fire,543590,1717278,1.235,500,24.2363,290.68,187.97,0.37,0,622.69,61,872.03,1.79,182,3.0046,56.3099,9503,8539,7895,6788,17590,10935,7283,7381,5033,27549,25043,7,0.443104438,5.83,moderately acid,9.26,ML,65.46602481,M,27.85474482,MH,14.25785562,M,93.12955359,H,0.238170819,L,4.348192623,L,1.400411225,M,0.075379231,VL,6.062153898,79.9,9.98,10.12,SANDY LOAM
118,118,before,72.92,nocc,DDF,SHADEINTO,SHADEINTO,MIX,MIX,MIX,In,Fire,543582,1718353,1.5512,1011.111111,24.0412,192.1,210.3,37,0,329,0,576.3,1.19,186,2.9463,45,9664,8786,8259,7326,17369,12892,8446,7942,5006,27651,25176,13,0.406681514,5.96,moderately acid,3.6,L,98.87135501,H,11.81543759,ML,8.883481415,ML,73.83246466,M,0.188820175,VL,2.25542562,L,1.001916672,M,0.113206314,L,3.559368781,87.93,4.06,8.01,LOAMY SAND
119,119,before,81.96,nocc,"MDF,bamboo",SHADETO,SHADEINTO,MIX,MIX,MIX,In,Fire,543588,1719375,1.2407,855.5555556,13.179,383.84,562.51,35,349,205,0,1151.51,2.38,162,13.7057,199.537,9474,8526,7845,6679,18103,10696,7127,7242,5023,27490,24998,11,0.460979743,6.62,neutral,16.28,MH,85.71761767,H,47.18942308,VH,115.3080334,VH,176.8603177,VH,0.452305043,M,11.35191706,H,2.122736641,M,0.027869419,VL,13.95482816,73.65,19.62,6.73,SANDY LOAM
120,120,before,65.06,nocc,DDF,SHADEINTO,SHADEINTO,MIX,MIX,MIX,In,Fire,543583,1720430,1.4625,1277.777778,32.1546,183.1,250.1,25.68,63,210.52,0,549.3,1.78,175,6.5881,55.3048,9504,8548,7932,6779,17837,10967,7155,7469,5020,27614,25154,13,0.449220019,5.45,strongly acid,4.34,L,100,H,17.77944272,M,17.14647486,MH,134.8790108,VH,0.344941463,M,4.411990314,L,1.25053344,M,0,VL,6.007465217,87.09,6.18,6.73,LOAMY SAND
121,121,before,0,nocc,OpenArea,SHADEINTO,noclust,noclust,MIX,noclust,Out,NoFire,543556,1721475,1.4419,0,0,3136.9,3159.23,5914.47,337,0,0,9410.7,0,146,9.5924,235.62,9913,9126,8724,8137,17865,14634,9746,8509,5043,29498,26350,11,0.374125067,6.12,slightly acid,3.98,L,100,H,12.52095256,ML,187.9120481,VH,41.80961584,L,0.106924494,VL,3.916325452,L,0.630192709,L,0.094793673,VL,4.748236328,83.81,7.79,8.4,LOAMY SAND
122,122,before,56.42,nocc,DDF,SHADEINTO,SHADEINTO,MIX,MIX,MIX,In,Fire,543553,1723576,1.2299,1266.666667,16.2213,1597.59,2530,691,659,912.76,0,4792.76,2.03,179,3.1732,113.199,9576,8612,7957,6891,16887,10833,7302,7482,5044,27692,25221,13,0.420388594,6.33,slightly acid,11.11,M,92.86361924,H,24.42733843,M,25.49695891,H,115.5884031,H,0.295607394,L,8.68544169,M,1.23622084,M,0.099878174,VL,10.3171481,80.35,10.81,8.84,LOAMY SAND
123,123,before,0,nocc,OpenArea,SHADEINTO,noclust,noclust,MIX,noclust,In,Fire,544635,1720426,1.5109,0,0,1553.5,341.51,4239,80,0,0,4660.51,0,147,5.3359,38.6598,9972,9141,8809,8106,16045,13455,9369,8453,5028,28907,25960,10,0.328723448,5.89,moderately acid,3.11,L,91.55197506,H,11.53411765,ML,7.727553729,ML,19.16985823,VL,0.049025263,VL,2.34278305,L,0.421233874,L,0.034224238,VL,2.847266424,83.96,7.63,8.41,LOAMY SAND
124,124,before,0,nocc,OpenArea,SHADEINTO,noclust,noclust,MIX,noclust,In,Fire,544635,1719376,1.3738,0,0,1997.33,3088,2194,710,0,0,5992,0,148,8.9753,291.801,9777,8933,8667,7678,18108,12885,8612,8280,4993,28798,25880,10,0.404483053,5.62,moderately acid,9.79,ML,75.74230368,H,28.24870273,MH,15.23770825,MH,52.42969026,L,0.134084421,VL,6.187897731,M,0.998761313,L,0.094428065,VL,7.41517153,68.18,20.87,10.95,SANDY LOAM
125,125,before,82.71,nocc,DDF,POLYDE,POLYDE,POLYDE,POLYDE,POLYDE,In,Fire,544633,1718326,1.5189,1788.888889,21.4748,153.24,136.51,67,200.21,56,0,459.72,1.67,176,4.7507,142.125,9571,8643,8166,7006,18356,11613,7573,7637,5044,27980,25360,13,0.447519912,5.72,moderately acid,4.29,L,63.46931336,M,14.18751923,ML,17.11818889,MH,67.08333597,M,0.171559859,VL,1.597678897,L,0.921267212,L,0.032327575,VL,2.722833543,82.09,10.35,7.56,LOAMY SAND
126,126,before,84.47,nocc,MDF,SHADEINTO,SHADEINTO,MIX,MIX,noclust,In,NoFire,544636,1717277,1.0689,733.3333333,11.2509,226.62,650.87,0,0,29,0,679.87,3.88,169,2.4296,30.9638,9497,8521,7951,6701,20709,11182,7265,7424,5046,27870,25304,4,0.51105436,7.16,neutral,10.65,M,100,H,19.33934506,M,42.60582738,H,154.1527216,VH,0.39423232,M,10.4554757,H,2.435587565,M,0.090972973,VL,13.37626856,75.16,15.19,9.65,SANDY LOAM
127,127,before,75.43,nocc,DDF,SHADEINTO,SHADEINTO,MIX,MIX,MIX,In,Fire,544636,1716228,1.4316,1166.666667,19.6231,117.59,221.32,15.16,1.07,115.21,0,352.76,0.82,181,13.4371,97.125,9511,8543,7941,6790,17890,10898,7208,7480,5039,27601,25155,13,0.449756888,5.39,strongly acid,3.43,L,89.03343667,H,15.95465705,M,98.03921569,VH,104.6082454,H,0.267526585,L,1.815573106,L,0.925193488,L,0.045553698,VL,3.053846878,75.25,15.05,9.7,SANDY LOAM
128,128,before,0,nocc,OpenArea,SHADEINTO,noclust,noclust,MIX,noclust,In,NoFire,545476,1717065,1.5912,0,0,2187.7,4001.25,2197.86,364,0,0,6563.11,0.06,154,7.6603,315,9932,9067,8860,7928,20716,15304,9703,8453,5021,29290,26251,11,0.446446027,5.12,strongly acid,3.97,L,70.32802348,M,11.47647351,ML,3.943862765,L,38.28143232,L,0.097901469,VL,2.52335306,L,0.170768003,VL,0,VL,2.792022532,82.8,10.9,6.3,LOAMY SAND
129,129,before,0,nocc,OpenArea,SHADEINTO,noclust,noclust,MIX,noclust,In,NoFire,545475,1717907,1.4863,0,0,763.16,633,1621.49,35,0,0,2289.49,3.16,153,7.12,110.556,10021,9233,8886,8291,12086,10581,7989,8356,5017,28870,25967,10,0.186239388,5.15,strongly acid,6.05,ML,52.07012063,M,9.827586207,L,23.14882218,MH,29.75548922,VL,0.076097103,VL,2.499844266,L,0.445999178,L,0.128301751,L,3.150242298,82.8,9.65,7.55,LOAMY SAND
130,130,before,0,nocc,OpenArea,SHADEINTO,noclust,noclust,MIX,noclust,In,NoFire,545265,1719167,1.5343,0,0,1824.89,3188.32,2161,125.34,0,0,5474.66,0,153,2.4296,59.0362,9928,9099,8781,7749,20548,15314,9692,8303,5037,29303,26296,13,0.452309432,5.09,strongly acid,7.74,ML,26.86369916,L,103.7789268,VH,5.328596803,L,24.26693763,VL,0.062060605,VL,1.713603229,L,0.180293587,VL,0.123292894,L,2.079250315,81.25,9.07,9.68,LOAMY SAND
1,1,after,78.14,nocc,DDF,MIX,SHADETO,MIX,MIX,noclust,In,NoFire,530987,1712026,1.1273,877.7777778,23.7058,2519.93,101.11,255,867,4423.41,0,5646.52,5.02,526,8.2074,156.038,9320,8360,7735,6714,17121,10289,6981,7277,5048,26898,24626,10,0.436626809,5.93,moderately acid,12.38,M,100,H,41.04354175,H,89.80952947,VH,188.2604594,VH,0.481459924,M,11.91123834,H,4.733211359,H,0.242639959,L,17.36854959,68.14,19.64,12.22,SANDY LOAM
2,2,after,75.08,nocc,"MDF,bamboo",MIX,SHADEINTO,MIX,Shadeto,MIX,In,Fire,530987,1713072,1.1299,411.1111111,9.2045,23.33,281.52,0,643,63,0,987.52,13.65,388,25.8736,345.069,9331,8342,7695,6542,16422,10204,7126,7213,5044,26921,24632,5,0.430238634,6.23,slightly acid,17.18,MH,100,H,62.76463689,VH,63.45544511,VH,163.0492284,VH,0.41698437,M,14.25573164,H,3.719357077,H,0.269203429,L,18.66127652,65.73,22.05,12.22,SANDY LOAM
3,3,after,69.48,nocc,MDF,MIX,SHADEINTO,MIX,Shadeto,MIX,In,Fire,530980,1714130,1.1386,377.7777778,47.058,103.47,447.59,8,718,70,0,1243.59,7.39,313,16.6875,2.8624,9411,8419,7658,6607,18532,10664,6967,7467,5038,27141,24773,3,0.474362544,6.77,neutral,11.95,M,100,H,52.69275519,VH,115.0269836,VH,334.707715,VH,0.855986177,H,10.84780629,H,2.391529346,M,0.189702549,L,14.28502437,69.84,20.09,10.07,SANDY LOAM
4,4,after,54.28,nocc,MDF,POLYDE,POLYDE,POLYDE,POLYDE,POLYDE,In,Fire,530987,1715177,1.2286,933.3333333,19.1352,204.89,55,1034,1876.26,502.37,0,3467.63,11.77,286,3.4359,14.0362,9440,8476,7872,6764,17470,10611,7150,7386,5040,27109,24729,11,0.441776017,6.35,slightly acid,15.27,MH,100,H,47.61250172,VH,141.1292606,VH,254.1796538,VH,0.650042591,H,11.86737696,H,3.837199875,H,0.117883083,L,16.47250251,70.31,18.33,11.36,SANDY LOAM
5,5,after,52.35,nocc,MDF,CROTHU,CROTHU,CROTHU,CROTHU,CROTHU,Out,Fire,530984,1716228,1.2087,588.8888889,27.1092,259.17,582.57,845.62,343,169,0,1940.186,8.78,276,8.4369,159.775,9424,8439,7819,6653,17949,11010,7267,7289,5028,27306,24904,13,0.459149663,6.19,slightly acid,13.72,M,100,H,59.99275906,VH,146.0270159,VH,242.5096716,VH,0.620197616,H,11.12773385,H,3.29251671,H,0.231376746,L,15.27182493,71.11,17.96,10.93,SANDY LOAM
6,6,after,50.76,nocc,DDF,MIX,SHADETO,MIX,MIX,MIX,Out,Fire,530985,1717277,1.4678,511.1111111,17.5273,816.74,347.21,275.26,1477,1641.53,0,3741,14.26,251,10.425,357.709,9627,8703,8163,7256,16796,12410,8390,7661,5037,27702,25104,13,0.396640612,5.33,strongly acid,4.12,L,71.60692457,M,14.82824259,ML,8.372593452,ML,97.89791219,H,0.250365486,L,1.669963438,L,0.831307104,L,0.198569264,L,2.950205292,80.46,12.39,7.15,LOAMY SAND
7,7,after,76.44,nocc,MDF,MIX,SHADEINTO,MIX,Shadeto,noclust,Out,NoFire,530984,1718326,1.0385,844.4444444,16.9362,417.91,45.14,388,5597.2,487.27,0,6517.61437,3.51,244,2.9463,278.13,9417,8421,7719,6594,17719,10344,7002,7304,5037,27284,24885,0,0.457574137,6.36,slightly acid,19.16,MH,64.86181672,M,55.45856265,VH,50.08236153,VH,254.0028942,VH,0.649590543,H,9.413082068,M,2.101301174,M,0.263550297,L,12.42752408,67.79,22.51,9.7,SANDY LOAM
8,8,after,66.53,nocc,DDF,MIX,SHADETO,MIX,MIX,noclust,Out,NoFire,530985,1719372,1.2521,1244.444444,20.8771,144.44,161,1.97,518,129.92,0,810.89,2.48,289,25.5631,109.026,9502,8574,8156,6955,19246,11597,7437,7676,5030,27561,25061,11,0.469104233,5.09,strongly acid,7.37,ML,58.06324845,M,29.67181764,MH,147.6340918,VH,139.5654356,VH,0.356926591,M,2.499000482,L,1.209199264,M,0.214135074,L,4.279261411,75.64,15.52,8.84,SANDY LOAM
9,9,after,76.9,nocc,DDF,MIX,SHADETO,MIX,MIX,noclust,In,NoFire,530988,1720424,1.0414,1222.222222,24.3964,772.06,197.2,132,67,1114.62,0,1510.819048,2.49,388,39.0201,59.8757,9501,8538,8090,6871,18500,11295,7328,7596,5035,27485,25013,6,0.458357968,5.59,moderately acid,16.71,MH,70.79093244,M,45.12254485,VH,112.3760399,VH,306.8809721,VH,0.784821677,H,8.435020961,M,2.320841,M,0.288481172,L,11.82916481,72.76,17.14,10.1,SANDY LOAM
10,10,after,66.44,nocc,MDF,CROTHU,CROTHU,CROTHU,CROTHU,noclust,In,NoFire,532036,1721477,1.2778,533.3333333,19.1971,1705.83,148,1076,2389,56,0,3669,34.44,251,17.8341,232.595,9463,8497,7916,6766,17474,10714,7145,7419,5046,27367,24932,13,0.441749175,5.46,strongly acid,13.48,M,68.79499214,M,38.34112192,H,78.51740322,VH,146.9204936,VH,0.375736519,M,6.970803494,M,1.826288176,M,0.100736752,L,9.273564941,74.9,17.94,7.16,SANDY LOAM
11,11,after,70.2,nocc,DDF,MIX,SHADETO,MIX,MIX,MIX,In,Fire,532039,1720401,1.4619,1277.777778,19.2896,148.6,359.24,45.69,975.3,223.23,0,1603.46,5.09,243,5.8926,81.8699,9582,8649,8207,7152,17395,11963,7850,7643,5032,27757,25174,13,0.417281134,5.85,moderately acid,6.1,ML,100,H,15.58261255,M,44.24114752,H,155.1930005,VH,0.396892743,M,5.08831307,M,1.589219401,M,0.189772093,L,7.264197308,82.43,8.71,8.86,LOAMY SAND
12,12,after,44.86,nocc,MDF,MIX,SHADEINTO,MIX,Shadeto,MIX,In,Fire,532039,1719375,1.1371,522.2222222,7.3342,380.72,346.59,833,104,6.6,0,1290.19,11.97,229,4.714,45,9448,8456,7861,6681,17954,10881,7142,7423,5047,27360,24915,11,0.457600974,6.73,neutral,11.94,M,100,H,39.00880081,H,107.1327038,VH,172.9329952,VH,0.442261253,M,13.22219165,H,2.513593298,M,0.30049419,M,16.47854039,74.66,15.7,9.64,SANDY LOAM
13,13,after,79.56,nocc,MDF,MIX,SHADEINTO,MIX,MIX,MIX,Out,Fire,532035,1718328,1.3189,744.4444444,24.7362,365.02,49.41,73,899.91,752,0,1774.323978,33.84,254,5.5902,296.565,9514,8547,8003,6830,18248,11152,7308,7587,5037,27379,24910,13,0.455299466,5.89,moderately acid,13.67,M,87.25799745,H,47.37330874,VH,63.51969699,VH,168.2116664,VH,0.430186861,M,8.860936312,M,2.54455482,M,0.092490258,VL,11.92816825,75.23,13,11.77,SANDY LOAM
14,14,after,68.06,nocc,MDF,CROTHU,CROTHU,CROTHU,CROTHU,CROTHU,Out,Fire,532035,1717275,1.1667,388.8888889,22.8956,287.39,515.65,263,850.4,838,0,2467.05,5,254,6.7186,29.7449,9463,8490,7823,6750,16511,10477,7165,7302,5033,27391,24938,13,0.419629423,6.6,neutral,20.94,H,100,H,34.56817778,MH,71.06785132,VH,190.594961,VH,0.487430211,M,17.66373017,H,5.10979312,H,0.154278385,L,23.41523189,65.67,19.23,15.1,SANDY LOAM
15,15,after,51.77,nocc,MDF,MIX,SHADEINTO,MIX,Shadeto,MIX,Out,Fire,532037,1716226,1.1695,466.6666667,23.923,181.85,275.27,0,633,876.36,0,1784.63,29.52,305,10.8333,180,9447,8473,7828,6747,17733,11002,7286,7350,5020,27324,24943,13,0.44877451,6.87,neutral,17.04,MH,100,H,52.73067729,VH,297.3351806,VH,288.0389498,VH,0.736634826,H,13.94442084,H,3.915610015,H,0.189998213,L,18.7866639,69.98,19.08,10.94,SANDY LOAM
16,16,after,56.42,nocc,MDF,POLYDE,POLYDE,POLYDE,POLYDE,POLYDE,Out,Fire,532036,1715176,1.3331,400,20.1898,2630.28,2823.15,352,1692.92,1601.71,0,6469.782021,20.62,297,3.5355,45,9428,8446,7727,6651,16949,10346,7014,7181,5040,27262,24859,13,0.436355932,6.19,slightly acid,9.8,ML,90.56769316,H,32.69446658,MH,46.4532049,VH,152.8867716,VH,0.390994761,M,5.72208384,M,2.588680992,M,0.173874336,L,8.87563393,77.86,14.58,7.56,LOAMY SAND
17,17,after,68.96,nocc,"MDF,bamboo",MIX,SHADEINTO,MIX,Shadeto,MIX,In,Fire,532029,1714127,1.0622,444.4444444,15.4895,48.9,20.13,0,109,120,0,249.13,3.51,291,8.7003,286.699,9424,8419,7842,6667,17364,10761,7258,7405,5030,27123,24724,7,0.445133369,6.35,slightly acid,11.78,M,100,H,62.23160388,VH,56.18625735,VH,243.0725989,VH,0.621637253,H,9.720689539,M,2.240150116,M,0.224106724,L,12.80658363,76.1,15.1,8.8,SANDY LOAM
18,18,after,62.78,nocc,MDF,CROTHU,CROTHU,CROTHU,CROTHU,CROTHU,In,Fire,532033,1713074,1.1921,700,18.9124,225.27,455,0,41,521,0,1017,17.85,425,47.2177,254.124,9346,8373,7699,6573,16685,9847,6872,7131,5040,26886,24611,6,0.434775131,7.12,neutral,16.82,MH,100,H,69.78316769,VH,263.1468149,VH,664.1249087,VH,1.698442301,VH,29.75986734,VH,5.179736391,H,0.214256951,L,36.85230299,69.15,19.48,11.37,SANDY LOAM
19,19,after,69.65,nocc,"MDF,bamboo",MIX,SHADEINTO,MIX,Shadeto,noclust,In,NoFire,532036,1712025,1.1655,944.4444444,26.517,492.64,699.07,796,797.35,486,0,2778.42,6.37,501,13.3333,270,9281,8303,7572,6522,16680,10099,6923,7113,5039,26851,24575,6,0.437807086,6.81,neutral,9.95,ML,100,H,33.18130485,MH,29.9650713,H,195.8759276,VH,0.500935828,M,8.927835352,M,1.854708746,M,0.205041426,L,11.48852135,72.92,14.86,12.22,SANDY LOAM
20,20,after,76.3,nocc,"MDF,bamboo",MIX,SHADEINTO,MIX,Shadeto,MIX,In,Fire,533086,1712030,1.0107,544.4444444,23.4664,129.29,1990.56,171,79,2065.39,0,4305.948333,3.44,553,17.2502,232.853,9237,8276,7576,6546,16098,9610,6711,7097,5024,26730,24536,1,0.421833598,6.85,neutral,20.35,H,99.25404892,H,71.37892531,VH,91.21720235,VH,299.4252438,VH,0.765754293,H,16.63032495,H,2.479032172,M,0.323087538,M,20.19819895,65.3,19.95,14.75,SANDY LOAM
21,21,after,82.3,nocc,"MDF,bamboo",MIX,SHADEINTO,MIX,Shadeto,MIX,In,Fire,533085,1713078,1.0346,233.3333333,9.6699,62.95,9.11,0,205,158,6,378.11,9.09,575,55.0316,302.005,9206,8246,7498,6446,14160,8916,6507,6980,5035,26648,24433,2,0.374356983,6.36,slightly acid,18.09,MH,100,H,56.90127379,VH,97.27412149,VH,367.76589,VH,0.940529615,H,13.83597502,H,4.235744818,H,0.229619382,L,19.24186883,66.42,20.56,13.02,SANDY LOAM
22,22,after,60.9,nocc,"MDF,bamboo",MIX,SHADETO,MIX,MIX,MIX,Out,Fire,533089,1714129,1.2111,466.6666667,14.5356,55.09,187,67,76,1.64,0,331.64,11.31,355,25.173,282.426,9339,8364,7576,6574,15156,9310,6611,7232,5025,26894,24623,3,0.394937874,7.03,neutral,17.22,MH,100,H,56.94804231,VH,288.730533,VH,222.2577945,VH,0.568405183,M,18.15854945,H,3.323715114,H,0.099519923,VL,22.15018967,68.21,19.63,12.16,SANDY LOAM
23,23,after,61.42,nocc,MDF,MIX,SHADEINTO,MIX,Shadeto,MIX,Out,Fire,533087,1715177,1.2333,444.4444444,21.3842,164.36,63.06,142.77,250.41,754.31,0,1210.55,9.17,301,15.6569,334.799,9408,8413,7755,6651,17492,10559,7084,7284,5036,27132,24738,3,0.449032846,6.49,slightly acid,8.86,ML,100,H,28.07486303,MH,99.9849934,VH,297.5403727,VH,0.760933898,H,10.02000468,H,3.070367636,H,0.214957844,L,14.06626406,75.23,13.8,10.97,SANDY LOAM
24,24,after,60.06,nocc,"MDF,bamboo",MIX,SHADEINTO,MIX,Shadeto,MIX,Out,Fire,533089,1716227,1.2047,433.3333333,21.0205,184.07,616.95,1239.71,1028.45,583,0,3468.11,8.81,275,9.2045,95.1944,9420,8435,7783,6663,17840,10738,7135,7165,5048,27099,24765,11,0.456148227,6.55,neutral,13.7,M,100,H,38.84781548,H,90.93897994,VH,218.4099369,VH,0.558564618,M,12.00392238,H,2.321146937,M,0.3978528,M,15.28148674,72.43,14.93,12.64,SANDY LOAM
25,25,after,69.85,nocc,"MDF,bamboo",POLYDE,POLYDE,POLYDE,POLYDE,POLYDE,In,Fire,533087,1717275,1.2014,400,11.5711,178.14,185.34,905,941.9,741,0,2773.24,16.84,255,4.7507,285.255,9426,8446,7734,6654,16683,10376,7024,7258,5035,27204,24816,11,0.429746754,5.84,moderately acid,10.84,M,94.90803776,H,46.91636698,VH,37.01739765,H,286.4955456,VH,0.733361863,H,7.071796781,M,2.304600509,M,0.17827214,L,10.28803129,72.55,13.55,13.9,SANDY LOAM
26,26,after,64.1,nocc,DDF,CROTHU,CROTHU,CROTHU,CROTHU,CROTHU,In,Fire,533085,1718326,1.3923,500,19.862,684.01,1471.88,133,152,502,0,2258.881356,0.81,254,4.4876,248.199,9494,8519,7965,6817,18757,11282,7283,7518,5039,27341,24936,13,0.466880425,6.25,slightly acid,11.11,M,100,H,48.74655755,VH,80.88322735,VH,225.392472,VH,0.576421851,M,9.101234107,M,2.260120094,M,0.287940062,L,12.22571611,79.11,12.88,8.01,LOAMY SAND
27,27,after,60.18,nocc,DDF,CROTHU,CROTHU,CROTHU,CROTHU,CROTHU,In,Fire,533084,1719378,1.3955,1511.111111,18.216,309.27,88.44,28.72,575.75,1465,0,2157.91,2.32,238,5.8333,270,9496,8499,7888,6736,17185,10447,7026,7364,5033,27453,24985,13,0.436812842,5.96,moderately acid,6.62,ML,78.20152332,H,37.47063732,H,68.13136719,VH,102.6359169,H,0.262482525,L,3.884741569,L,0.910055331,L,0.119661419,L,5.176940844,81.91,9.66,8.43,LOAMY SAND
28,28,after,65.87,nocc,MDF,CROTHU,CROTHU,CROTHU,CROTHU,CROTHU,In,Fire,533085,1720421,1.4088,622.2222222,23.0222,435.92,75.54,62,3427.41,1949.58,0,5514.529196,15.14,215,8.3333,323.13,9473,8493,7919,6737,17950,10690,7094,7378,5061,27325,24926,13,0.454206667,6.46,slightly acid,18.73,MH,85.07940878,H,27.90175208,MH,109.0342679,VH,156.7518849,VH,0.400879456,M,11.12032747,H,4.24755324,H,0.1666131,L,15.93537326,71.91,13.33,14.76,SANDY LOAM
29,29,after,81.35,nocc,"MDF,bamboo",MIX,SHADEINTO,MIX,Shadeto,MIX,In,Fire,533086,1721479,1.2199,166.6666667,13.6199,102.03,64.5,11,495,93.56,0,664.06,8.25,227,5.4327,274.399,9467,8472,7760,6675,16976,10743,7293,7327,5036,27345,24914,11,0.435541838,5.65,moderately acid,18.02,MH,100,H,47.49064039,VH,28.4834533,H,192.6958673,VH,0.492803098,M,13.20543868,H,4.385068471,H,0.160902651,L,18.2442129,70.72,14.11,15.17,SANDY LOAM
30,30,after,74.88,nocc,"MDF,bamboo",MIX,SHADEINTO,MIX,Shadeto,noclust,In,NoFire,533087,1722527,1.311,144.4444444,5.4127,214.19,305.73,20,86.76,145.26,0,557.75,6.89,244,6.5085,129.806,9524,8552,8016,6821,18049,11709,7634,7528,5039,27302,24946,3,0.451467632,6.23,slightly acid,12.24,M,97.07457745,H,46.95517162,VH,5.407251364,L,292.6824237,VH,0.748510111,H,9.220836643,M,1.715071354,M,0.197510173,L,11.88192828,61.76,22.65,15.59,SANDY LOAM
31,31,after,50.87,nocc,"MDF,bamboo",MIX,SHADEINTO,MIX,Shadeto,MIX,In,Fire,533085,1723575,1.2471,266.6666667,26.1225,101.22,434.88,169,1783,30,31,2447.88,12.05,249,26.5165,135,9506,8533,8011,6763,19693,11781,7683,7512,5041,27341,24925,3,0.488736015,6.51,neutral,11.5,M,90.04029086,H,48.52757169,VH,9.735202492,ML,400.0507583,VH,1.023095387,H,7.404537327,M,1.86128074,M,0.065719994,VL,10.35463345,49.44,32.9,17.66,LOAM
32,32,after,45.88,nocc,"MDF,bamboo",MIX,SHADEINTO,MIX,Shadeto,MIX,In,Fire,534135,1726725,1.0889,511.1111111,8.2788,493.25,254.27,181,0,1916,0,2351.27,6.17,216,7.0956,93.3665,9520,8535,7899,6750,18671,11264,7437,7389,5041,27452,24959,4,0.468943,6.32,slightly acid,17.31,MH,79.53225633,H,61.91665363,VH,3.219515785,L,325.3104665,VH,0.831953523,H,9.320120602,M,3.486833932,H,0.128125514,L,13.76703357,61.57,22.85,15.58,SANDY LOAM
33,33,after,87.01,nocc,"MDF,bamboo",MIX,SHADEINTO,MIX,Shadeto,noclust,Out,NoFire,533925,1725886,1.2117,1077.777778,12.3659,1385.07,60.65,5,865,1342,0,2272.65,5.12,196,1.6667,0,9503,8530,7992,6791,19476,11642,7529,7417,5038,27368,24890,8,0.482925344,6.04,slightly acid,12.49,M,76.49195852,H,35.29143093,H,60.572053,VH,238.1135373,VH,0.60895488,H,7.1735556,M,1.623399136,M,0.147936004,L,9.553845619,66.03,25.53,8.44,SANDY LOAM
34,34,after,76.9,nocc,"MDF,bamboo",MIX,SHADEINTO,MIX,Shadeto,noclust,Out,NoFire,534134,1724626,1.2372,566.6666667,13.2211,377.19,522.39,493.31,126.32,1336.24,150,2628.26,11.59,207,10.1379,170.538,9498,8517,7963,6736,17928,10855,7268,7417,5038,27322,24908,11,0.453778787,6.07,slightly acid,10.2,M,94.84695868,H,35.06884357,H,7.869719418,ML,168.854106,VH,0.431829845,M,7.756894611,M,1.37276821,M,0.11289712,L,9.674389785,76.11,11.24,12.65,SANDY LOAM
35,35,after,62.52,nocc,MDF,MIX,SHADEINTO,MIX,Shadeto,MIX,Out,Fire,534138,1723576,1.1304,944.4444444,33.8642,689.98,541.24,10.41,521.5,631.5,0,1704.65,3.04,213,6.3465,203.199,9474,8477,7792,6652,17545,10506,7073,7113,5036,27321,24860,5,0.450179774,7.366,slightly alkkaline,17.96,MH,100,H,35.13334593,H,36.47214854,H,336.2814526,VH,0.860010876,H,26.26730549,VH,2.443400425,M,0.078399753,VL,29.64911654,62.65,23.01,14.34,SANDY LOAM
36,36,after,74.13,nocc,"MDF,bamboo",MIX,SHADEINTO,MIX,Shadeto,MIX,Out,Fire,534134,1722527,1.2152,1100,37.0992,115.47,881.64,110,2348.64,372.48,0,3712.764742,9.69,205,6.4818,45,9481,8486,7795,6688,17710,10723,7093,7167,5034,27344,24913,11,0.451758341,6.47,slightly acid,15.56,MH,100,H,51.46800767,VH,84.50059177,VH,333.8036586,VH,0.853674131,H,15.26448387,H,3.147000467,H,0.242524678,L,19.50768315,71.68,15.68,12.64,SANDY LOAM
37,37,after,75.54,nocc,MDF,MIX,SHADEINTO,MIX,Shadeto,MIX,In,Fire,534136,1721480,1.2655,888.8888889,21.8445,888.12,86,137,27.48,545,0,795.48,18.4,213,2.6352,108.435,9464,8467,7861,6645,17885,10400,7080,7335,5041,27292,24900,3,0.458214431,6.37,slightly acid,10.59,M,100,H,31.47768124,MH,63.33168331,VH,286.7141618,VH,0.733246795,H,10.41719149,H,2.535841761,M,0.090831641,VL,13.77711169,70.21,18.86,10.93,SANDY LOAM
38,38,after,53.99,nocc,DDF,CROTHU,CROTHU,CROTHU,CROTHU,CROTHU,In,Fire,534136,1720426,1.3027,755.5555556,27.9212,634.53,95.11,0,1610,1874.85,0,3579.96,10.58,226,8.8388,98.1301,9479,8509,7868,6744,18273,10844,7031,7484,5030,27424,24964,13,0.460846624,6.49,slightly acid,12.11,M,100,H,39.83436744,H,125.4783041,VH,302.6300918,VH,0.773950416,H,13.10855969,H,3.003364341,H,0.259390866,L,17.14526531,75.11,14.37,10.52,SANDY LOAM
39,39,after,67.2,nocc,DDF,CROTHU,CROTHU,CROTHU,CROTHU,CROTHU,In,Fire,534136,1719378,1.1695,633.3333333,22.8798,571.71,60.6,119,1256,968,0,2403.6,5.89,244,5.4327,212.471,9495,8500,7960,6738,18352,10746,7045,7536,5033,27307,24872,13,0.462893583,6.29,slightly acid,15.55,MH,94.15000029,H,50.54506667,VH,84.92226521,VH,214.1843491,VH,0.547758041,M,11.55993388,H,2.362391629,M,0.170241493,L,14.64032505,74.18,16.55,9.27,SANDY LOAM
40,40,after,63.64,nocc,MDF,CROTHU,CROTHU,CROTHU,CROTHU,CROTHU,In,Fire,534136,1718325,1.1633,533.3333333,24.834,1371.13,328,347,900,334,0,1909,13.62,268,4.1667,0,9456,8491,7875,6736,17573,10563,7054,7440,5038,27268,24887,12,0.445801966,6.62,neutral,0.37,VL,100,H,40.7322588,H,185.8120539,VH,227.6653115,VH,0.664976271,H,14.72353675,H,3.200541594,H,0.14510887,L,18.73416349,68.25,18.74,13.01,SANDY LOAM
41,41,after,80.08,nocc,MDF,MIX,SHADEINTO,MIX,Shadeto,MIX,In,Fire,534138,1717276,1.279,444.4444444,23.74,161.68,470.7,342,1005,1329,0,3146.7,5.61,276,12.4304,13.5704,9389,8383,7641,6574,17707,10373,6905,7203,5037,27155,24806,1,0.458506651,6.59,neutral,7.6,ML,100,H,33.97295368,MH,40.38136867,H,314.7101753,VH,0.80484419,H,11.63614028,H,2.264502941,M,0.215806369,L,14.92129378,76.25,10.86,12.89,SANDY LOAM
42,42,after,83.58,nocc,"MDF,bamboo",MIX,SHADEINTO,MIX,Shadeto,MIX,In,Fire,535187,1718328,1.1612,466.6666667,10.6508,523.88,72.91,167,3094.06,431,0,3764.974182,17.63,273,7.5462,276.34,9429,8425,7800,6640,18085,10513,7035,7176,5024,27188,24822,13,0.46289181,6.89,neutral,19.32,MH,100,H,72.55464139,VH,356.9537813,VH,197.3705524,VH,0.504758203,M,18.50999281,H,2.764865069,M,0,VL,21.77961608,69.34,18.86,11.8,SANDY LOAM
43,43,after,75.02,nocc,"MDF,bamboo",CROTHU,CROTHU,CROTHU,CROTHU,CROTHU,In,Fire,535185,1719372,1.3041,644.4444444,22.9579,159.4,167.22,770,1153,994,14,3098.22,8.8,234,2.9463,315,9473,8473,7822,6725,17230,10745,7187,7333,5023,27265,24796,11,0.438530578,6.48,slightly acid,9.23,ML,99.8798352,H,29.40840484,MH,24.77504261,MH,243.6910378,VH,0.623218858,H,6.533792403,M,1.890775941,M,0.171121587,L,9.218908789,76.92,10.86,12.22,SANDY LOAM
44,44,after,78.35,nocc,"MDF,bamboo",MIX,SHADEINTO,MIX,Shadeto,noclust,In,NoFire,535185,1720425,1.1589,611.1111111,23.0027,42.33,79,11,18.45,422,0,530.45,3.37,230,4.714,315,9477,8495,7886,6740,18349,10907,7178,7306,5023,27251,24888,3,0.462712743,5.73,moderately acid,15.92,MH,73.71587805,M,17.0714746,M,31.88422677,H,176.8316989,VH,0.452231852,M,8.713726427,M,2.289626819,M,0.279982687,L,11.73556779,84.59,5.79,9.62,LOAMY SAND
45,45,after,72.89,nocc,"MDF,bamboo",MIX,SHADEINTO,MIX,Shadeto,noclust,Out,NoFire,535185,1721473,1.3742,444.4444444,8.5846,89.71,454.74,530.84,659.2,1145,0,2789.78,2.54,216,3.7268,63.4349,9508,8524,7864,6759,17311,10890,7234,7415,5031,27319,24923,7,0.438388035,6.05,slightly acid,8,ML,87.76538061,H,32.08002168,MH,5.935318221,L,108.6493302,H,0.277861312,L,5.228586571,M,1.514782566,M,0,VL,7.021230448,81,13.51,5.49,LOAMY SAND
46,46,after,74.42,nocc,MDF,MIX,SHADEINTO,MIX,Shadeto,MIX,In,Fire,535190,1722524,1.307,711.1111111,18.8966,2424.41,59.78,724,164,987,0,1934.78,15.5,204,9.1477,30.0686,9485,8516,7923,6750,17989,10632,7082,7452,5027,27350,24891,9,0.454302923,6.51,neutral,10.35,M,95.2605059,H,42.29154119,H,66.18193654,VH,235.0538804,VH,0.601130071,H,7.358907622,M,1.654036421,M,0.245388246,L,9.85946236,76.22,13.69,10.09,SANDY LOAM
47,47,after,75.4,nocc,"MDF,bamboo",POLYDE,POLYDE,POLYDE,POLYDE,POLYDE,In,Fire,535182,1723576,1.2978,555.5555556,22.5096,508.64,117,321,605,117,0,1160,20.88,195,2.4296,329.036,9467,8480,7797,6648,17776,10725,7127,7362,5017,27417,24976,13,0.455617425,6.01,slightly acid,8.23,ML,100,H,26.51839223,MH,22.38532394,MH,183.0414004,VH,0.468112629,M,7.255899863,M,2.482126836,M,0.223680333,L,10.42981966,81.89,10.11,8,LOAMY SAND
48,48,after,69.19,nocc,DDF,MIX,SHADETO,MIX,MIX,noclust,In,NoFire,535189,1724629,1.4156,1288.888889,11.5926,288.86,36.24,83,1605.14,275.22,0,1999.597573,6.6,190,10.3078,194.036,9605,8661,8140,7174,17046,11926,7909,7717,5024,27622,25081,13,0.407597027,5.47,strongly acid,6.35,ML,83.85828599,H,18.04812623,M,52.20455408,VH,147.6194821,VH,0.377524122,M,3.361080603,L,1.415638625,M,0.17075781,L,5.325001161,80.45,14.07,5.48,LOAMY SAND
49,49,after,68.87,nocc,DDF,MIX,SHADETO,MIX,MIX,MIX,In,Fire,535188,1725677,1.3895,988.8888889,24.411,165.73,39.83,29,402,1010.67,0,1481.497122,6.31,220,2.4296,120.964,9538,8585,7975,6913,16268,10911,7402,7533,5034,27663,25048,13,0.403563263,6.11,slightly acid,10.38,M,71.46748038,M,33.18130485,MH,27.87192294,H,131.4615224,VH,0.33620153,M,5.37934744,M,1.516447669,M,0.186327824,L,7.418324463,75.25,17.17,7.58,SANDY LOAM
50,50,after,70.78,nocc,DDF,CROTHU,CROTHU,CROTHU,CROTHU,CROTHU,In,Fire,535187,1726725,1.1739,633.3333333,14.9729,1264.99,97.38,113,947.54,3711,0,4868.922222,8.36,300,3.0046,303.69,9473,8494,7865,6702,17374,10671,7232,7298,5036,27434,24920,13,0.443263,5.37,strongly acid,9.13,ML,67.57812368,M,39.81554418,H,12.55889018,M,189.5890316,VH,0.484857633,M,4.390549913,L,1.294475146,M,0,VL,6.169882692,73.24,15.42,11.34,SANDY LOAM
51,51,after,40.73,nocc,"MDF,bamboo",MIX,SHADEINTO,MIX,Shadeto,MIX,In,Fire,536237,1726725,1.2476,388.8888889,21.0629,209.26,904.47,311.29,164.1,455,64,1898.86,25.02,235,10.623,78.6901,9497,8520,7854,6774,17468,11340,7539,7380,5047,27460,25050,13,0.44113522,6.06,slightly acid,0.37,VL,100,H,25.83972883,MH,12.72890969,M,228.5451307,VH,0.584484504,M,8.253105922,M,2.44917547,M,0.118725166,L,11.40549106,62.12,23.61,14.27,SANDY LOAM
52,52,after,77.1,nocc,MDF,MIX,SHADETO,MIX,MIX,MIX,In,Fire,536235,1725682,1.1809,733.3333333,14.9327,185.72,0.9,133,55.05,595,0,783.95,3.58,207,5.4327,147.529,9532,8536,7917,6822,17735,10845,7194,7374,5037,27784,25176,13,0.444394674,6.01,slightly acid,11.06,M,90.01343168,H,32.68,MH,17.83803068,MH,178.7932733,VH,0.45724841,M,7.946614388,M,1.460708379,M,0.090914366,VL,9.955485543,76.5,14.65,8.85,SANDY LOAM
53,53,after,59.94,nocc,DDF,MIX,SHADETO,MIX,MIX,LIGHT,In,Fire,536233,1724627,1.4377,555.5555556,15.5371,308.6,370,2874.63,1775,30,0,5049.628713,24.49,202,4.1667,36.8699,9629,8677,8182,7180,16900,11713,7825,7927,5030,27983,25324,13,0.403654485,4.62,very strongly acid,3.12,L,100,H,11.5777043,ML,11.7927962,M,134.910417,VH,0.345021781,M,1.792775829,L,1.049504102,M,0.326898271,M,3.514199984,84.14,9.97,5.89,LOAMY SAND
54,54,after,67.14,nocc,"MDF,bamboo",MIX,SHADEINTO,MIX,Shadeto,MIX,Out,Fire,536235,1723576,1.2701,200,6.4377,1480.71,215.27,50,731,179,1602,2777.27,19.28,197,11.9315,294.775,9508,8510,8019,6733,19379,11154,7319,7551,5030,27468,24985,7,0.484298407,7.12,neutral,18.94,MH,100,H,54.68366534,VH,159.4584914,VH,406.8679203,VH,1.040529692,H,18.77683261,H,3.702812747,H,0.176882015,L,23.69705707,67.05,20.31,12.64,SANDY LOAM
55,55,after,80.14,nocc,MDF,POLYDE,POLYDE,POLYDE,POLYDE,POLYDE,Out,Fire,536235,1722526,1.2408,700,19.0084,168.47,68.87,282,454,1,0,805.87,3.3,196,4.7507,232.125,9433,8456,7819,6616,17536,10263,6972,7151,5027,27308,24890,1,0.452136469,6.38,slightly acid,8.64,ML,86.53695214,H,24.8500893,M,37.59977055,H,208.0154566,VH,0.531981629,M,5.246536601,M,1.614142125,M,0.08413231,VL,7.476792665,69.19,22.39,8.42,SANDY LOAM
56,56,after,75.4,nocc,"MDF,bamboo",MIX,SHADEINTO,MIX,Shadeto,MIX,Out,Fire,536237,1721476,1.2399,1044.444444,23.7981,183.52,194.78,426,267,524,36,1447.78,5.28,205,6.2639,3.8141,9454,8507,7876,6727,18689,10769,7181,7438,5040,27269,24880,6,0.47064841,6.56,neutral,6.97,ML,100,H,16.76446191,M,48.2228508,VH,271.3794837,VH,0.523263094,M,5.663337118,M,1.356553274,M,0.32357651,M,7.866729997,73.88,18.96,7.16,SANDY LOAM
57,57,after,42.93,nocc,DDF,POLYDE,POLYDE,POLYDE,POLYDE,POLYDE,Out,Fire,536235,1720427,1.3258,844.4444444,19.2264,757.54,0.74,30,5084.34,494.74,0,5609.820909,13.38,223,3.7268,333.435,9435,8483,7706,6648,16616,9916,6773,7249,5035,27378,24928,11,0.428473177,6.41,slightly acid,6.36,ML,100,H,33.97036159,MH,13.00562208,M,192.8424198,VH,0.493177893,M,6.840617312,M,2.059544952,M,0.094465591,VL,9.487805748,84.43,10.09,5.48,LOAMY SAND
58,58,after,60.9,nocc,"MDF,bamboo",MIX,SHADEINTO,MIX,Shadeto,MIX,In,Fire,536237,1719376,1.2036,455.5555556,26.0136,548.85,649.31,934,1122.91,16.4,103,2825.615983,10.05,268,28.0129,329.621,9400,8433,7701,6646,16251,9913,6846,7263,5052,27171,24847,13,0.419487269,6.63,neutral,14.35,M,100,H,29.36421966,MH,86.6139438,VH,225.3617239,VH,0.576343215,M,11.6531754,H,2.302327289,M,0.083564406,VL,14.61541031,71.05,17.6,11.35,SANDY LOAM
59,59,after,75.83,nocc,DDF,CROTHU,CROTHU,CROTHU,CROTHU,CROTHU,In,Fire,536235,1718327,1.1688,977.7777778,22.2147,332.95,347.45,0,17.93,364,0,729.38,5.65,305,29.7268,264.369,9397,8457,7887,6730,16893,10242,6949,7383,5034,27561,25054,12,0.430216315,6.41,slightly acid,10.25,M,100,H,38.39630363,H,80.27113807,VH,187.5311438,VH,0.479594762,M,8.775993432,M,1.612943495,M,0.194472505,L,11.06300419,76.96,15.46,7.58,SANDY LOAM
60,60,after,75.72,nocc,DDF,MIX,SHADETO,MIX,MIX,MIX,In,Fire,537283,1718326,1.2406,1077.777778,25.9368,632.06,84.47,0.57,524,635,0,1244.04,6.41,386,17.6777,278.13,9383,8443,7909,6790,17425,10868,7232,7451,5018,27062,24788,10,0.439190584,6.07,slightly acid,15.69,MH,100,H,47.16849285,VH,262.7959525,VH,220.110265,VH,0.562913061,M,12.50150391,H,3.081828574,H,0,VL,16.14624554,74.91,17.08,8.01,SANDY LOAM
61,61,after,71.07,nocc,"MDF,bamboo",MIX,SHADEINTO,MIX,Shadeto,MIX,In,Fire,537289,1719377,0.9977,244.4444444,15.596,4.31,16,0,0,0.5,0,16.5,2.07,335,45.3267,299.157,9303,8366,7536,6500,14303,8976,6475,7053,5062,27002,24713,7,0.375090131,6.88,neutral,21.12,H,83.516665,H,58.04075111,VH,127.2773555,VH,261.9105431,VH,0.669813675,H,14.50792111,H,2.383304102,M,0.077680761,VL,17.63871965,68.23,17.01,14.76,SANDY LOAM
62,62,after,82.13,nocc,"MDF,bamboo",MIX,SHADETO,MIX,MIX,MIX,In,Fire,537287,1720428,1.1828,688.8888889,15.0509,247.07,247.63,293,269,199.62,0,1009.25,3.21,232,8.8388,225,9428,8449,7773,6647,17219,10725,7167,7325,5039,27260,24907,6,0.442973267,5.67,moderately acid,11.09,M,79.60492556,H,36.37622069,H,22.20248668,MH,128.6100813,VH,0.328909215,M,6.759634306,M,1.591665016,M,0.147977708,L,8.828186245,80.41,6.53,13.06,SANDY LOAM
63,63,after,75.75,nocc,DDF,MIX,SHADETO,MIX,Shadeto,MIX,In,Fire,537287,1721473,1.4966,1322.222222,20.9655,238.33,240.75,12,9.14,664.29,0,926.18,3.95,219,7.8617,327.995,9507,8565,7982,6858,16945,10800,7162,7479,5055,27614,25115,13,0.423770113,5.59,moderately acid,6.99,ML,55.75844075,M,17.97014925,M,33.8554499,H,94.67632173,H,0.242126545,L,2.686739701,L,0.869191213,L,0.099457549,VL,3.897515008,83.57,10.12,6.31,LOAMY SAND
64,64,after,58.62,nocc,DDF,MIX,SHADETO,MIX,MIX,MIX,In,Fire,537284,1722528,1.3363,644.4444444,17.5741,640.07,379.22,7,670.97,429,0,1486.19,2.39,217,14.6368,4.8991,9447,8507,7830,6763,17263,10786,7138,7429,5040,27520,24987,13,0.437026555,5.97,moderately acid,2.34,VL,100,H,36.81453666,H,70.00254555,VH,93.93116741,H,0.240220877,L,5.026244218,M,1.2548191,M,0.09009055,VL,6.611374745,82.54,9.45,8.01,LOAMY SAND
65,65,after,74.3,nocc,MDF,MIX,SHADEINTO,MIX,Shadeto,MIX,In,Fire,537284,1723574,1.2608,488.8888889,14.4002,166.46,100.75,186,231.26,291.47,0,809.48,9.63,187,9.5924,55.6197,9480,8549,7893,6768,17450,10836,7199,7372,5018,27514,25052,13,0.441076885,5.98,moderately acid,11.57,M,78.50009753,H,16.1903142,M,31.68287651,H,125.7355856,VH,0.32155794,M,6.355030659,M,2.245468086,M,0.160404599,L,9.082461284,80.8,10.37,8.83,LOAMY SAND
66,66,after,77.25,nocc,DDF,MIX,HELILA,HELILA,HELILA,HELILA,In,Fire,537290,1724618,1.3948,888.8888889,22.8939,831.12,388.01,485,364,173,0,1410.01,23.68,186,8.2074,336.038,9531,8593,8087,6941,18434,11667,7632,7605,5040,27618,25150,13,0.452926108,5.99,moderately acid,5.54,ML,76.66426181,H,16.09531529,M,4.259740528,L,76.21737038,M,0.194919366,VL,3.053121322,L,0.887246443,L,0.111912974,L,4.247200104,80.68,13.84,5.48,LOAMY SAND
67,67,after,75.28,nocc,DDF,MIX,SHADETO,MIX,MIX,MIX,Out,Fire,537290,1725676,1.354,811.1111111,22.7492,190.31,183.36,0,1442,108.46,0,1733.82,6.18,199,11.0711,109.799,9555,8619,7936,6889,17420,11515,7520,7486,5023,27865,25311,13,0.433214036,5.75,moderately acid,6.84,ML,71.90263403,M,18.35043607,M,5.013996719,L,150.6638474,VH,0.385309824,M,3.660387968,L,0.73439891,L,0.138043466,L,4.918140168,77.01,16.26,6.73,LOAMY SAND
68,68,after,73.15,nocc,DDF,MIX,SHADETO,MIX,MIX,MIX,Out,Fire,537287,1726725,1.2296,1344.444444,23.0945,141.65,44.54,1384,176,11,0,1615.54,2.98,357,13.1762,214.695,9597,8689,8299,7158,18021,12444,8075,7789,5040,28051,25300,13,0.431430954,5.99,moderately acid,8.51,ML,90.26468674,H,23.52389269,M,17.48826537,MH,209.1433198,VH,0.534866042,M,5.566679149,M,1.381498813,M,0.198480838,L,7.681524842,78.61,12.54,8.85,SANDY LOAM
69,69,after,70.98,nocc,DDF,MIX,SHADEINTO,MIX,Shadeto,MIX,Out,Fire,538336,1726729,1.3076,800,15.3601,1117.81,364.15,218,2866.58,1002.25,0,4450.97905,9.94,189,2.6352,198.435,9457,8514,7796,6743,16738,10950,7281,7385,5038,27516,25072,13,0.425663302,5.79,moderately acid,8.7,ML,75.31982226,H,30.11031741,MH,8.405818029,ML,127.2445311,VH,0.325416938,M,5.164123865,M,0.96336178,L,0.099921953,VL,6.552824536,81.93,9.67,8.4,LOAMY SAND
70,70,after,51.19,nocc,"MDF,bamboo",MIX,SHADEINTO,MIX,Shadeto,noclust,Out,NoFire,538332,1725679,1.2607,366.6666667,14.3472,640.81,86.62,76,4793.56,604,0,5560.187457,14.07,184,3.4359,345.964,9473,8521,7967,6760,17222,10817,7249,7527,5058,27504,24995,12,0.43624385,5.89,moderately acid,17.77,MH,70.60846635,M,52.25900383,VH,16.65186501,MH,200.6188958,VH,0.513065561,M,9.878131013,M,2.155927896,M,0,VL,12.54712447,71.9,16.79,11.31,SANDY LOAM
71,71,after,68.09,nocc,"MDF,bamboo",MIX,SHADEINTO,MIX,Shadeto,noclust,Out,NoFire,538313,1724596,1.2351,711.1111111,13.2632,857.35,798,460,213,1,0,1472,3.55,169,12.6519,162.759,9473,8531,7768,6711,18696,10290,6994,7256,5028,27401,24965,6,0.471720392,5.88,moderately acid,7.05,ML,74.41191485,M,27.21563718,MH,72.50385814,VH,69.39892739,M,0.177481785,VL,4.369577409,L,0.698980803,L,0,VL,5.246039997,89.44,2.14,8.42,SAND
72,72,after,84.62,nocc,"MDF,bamboo",MIX,SHADEINTO,MIX,Shadeto,MIX,In,Fire,538333,1723575,1.3269,522.2222222,12.934,160.29,277,131.08,137.18,549.5,0,1094.76,1.36,176,6.5085,309.806,9507,8543,7912,6776,17836,10936,7301,7368,5035,27481,25015,2,0.449374289,6.79,neutral,18.39,MH,97.9905853,H,34.43382708,MH,24.67711754,MH,114.8845801,H,0.293807427,L,15.1033091,H,2.570475317,M,0.05287679,VL,18.02046864,70.44,11.93,17.63,SANDY LOAM
73,73,after,82.07,nocc,DDF,MIX,SHADETO,MIX,MIX,MIX,In,Fire,538334,1722522,1.2932,777.7777778,14.6547,335.07,454.21,94,181,15.3,0,744.51,4.61,196,4.2899,60.9454,9445,8513,7802,6710,17139,10515,7023,7371,5054,27421,25010,13,0.437292968,6.67,neutral,12.18,M,100,H,22.65147802,M,97.99587386,VH,158.133754,VH,0.404413467,M,10.92619598,H,2.113082729,M,0.191759068,L,13.63545125,82.48,10.37,7.15,LOAMY SAND
74,74,after,62.98,nocc,DDF,MIX,SHADETO,MIX,MIX,MIX,In,Fire,538336,1721476,1.379,822.2222222,16.5699,665.92,37,48.22,1704,77,0,1866.22,12.22,210,7.7505,216.254,9499,8543,8029,6878,17620,11013,7207,7500,5019,27719,25175,13,0.438484774,5.89,moderately acid,4.44,L,67.3710895,M,15.69628454,M,58.35683866,VH,121.6575543,VH,0.311128726,M,1.716442144,L,0.935107486,L,0.028598019,VL,2.991276374,83.23,8.37,8.4,LOAMY SAND
75,75,after,66.65,nocc,"MDF,bamboo",MIX,BAMBOO,BAMBOO,Shadeto,BAMBOO,In,Fire,538338,1720427,1.0855,233.3333333,14.1638,773.43,69.11,23,0,56.28,0,148.39,4.11,243,13.7563,1.7357,9436,8481,7803,6718,16538,10464,7061,7414,5049,27349,24902,13,0.422256622,5.56,moderately acid,19.8,MH,63.54837922,M,83.97848606,VH,33.85329652,H,225.0630438,VH,0.575579366,M,9.503685534,M,2.396266894,M,0.107047291,L,12.58257909,73,15.66,11.34,SANDY LOAM
76,76,after,82.85,nocc,"MDF,bamboo",MIX,BAMBOO,BAMBOO,Shadeto,BAMBOO,In,Fire,538336,1719377,1.1882,255.5555556,7.3583,171.18,108,0,0,2,181,291,5.07,395,32.8718,239.534,9387,8461,7849,6759,16517,10610,7239,7332,4984,27110,24794,9,0.419230108,6.09,slightly acid,14.07,M,83.13099241,H,45.73042904,VH,36.28815065,H,245.9950382,VH,0.629111141,H,8.510115335,M,2.329412315,M,0.227891842,L,11.69653063,70.31,16.21,13.48,SANDY LOAM
77,77,after,61.39,nocc,"MDF,bamboo",MIX,SHADEINTO,MIX,Shadeto,MIX,In,Fire,538335,1718325,1.2047,322.2222222,12.8278,536.31,424.36,291,283.52,305.58,180,1484.46,8.79,524,5.3033,45,9282,8333,7629,6588,15919,9903,6928,7211,5038,26912,24614,10,0.41458213,5.83,moderately acid,14.82,M,67.56575937,M,52.79793035,VH,36.4222738,H,221.4514532,VH,0.566343034,M,7.034666618,M,2.183121325,M,0.229114562,L,10.01324554,66.24,17.35,16.41,SANDY LOAM
78,78,after,76.61,nocc,"MDF,bamboo",MIX,SHADEINTO,MIX,Shadeto,MIX,In,Fire,539386,1718327,1.1716,322.2222222,9.2602,554.37,74.14,105,300,205.59,511,1195.73,8.07,426,15.4223,51.5819,9309,8362,7645,6593,15546,9728,6869,7186,5045,26897,24657,2,0.404399476,6.01,slightly acid,14.78,M,68.461034,M,41.63938546,H,129.9226644,VH,218.9737843,VH,0.560006609,M,7.595120584,M,1.873363142,M,0.09005049,VL,10.11854083,70.16,20.59,9.25,SANDY LOAM
79,79,after,76.58,nocc,"MDF,bamboo",MIX,SHADETO,MIX,MIX,MIX,In,Fire,539380,1719374,1.1584,422.2222222,12.2159,20.99,62.52,0,0.66,193.08,0,256.26,3.63,323,15.0578,194.421,9441,8512,8026,6849,18220,11551,7582,7473,5023,27317,24909,13,0.453588097,7.1,neutral,20.27,H,100,H,74.09158835,VH,114.5481382,VH,369.4365854,VH,0.944802275,H,25.45491739,VH,2.710689762,M,0.344560685,M,29.45497011,70.97,20.17,8.86,SANDY LOAM
80,80,after,78.46,nocc,DDF,CROTHU,CROTHU,CROTHU,CROTHU,CROTHU,In,Fire,539357,1720425,1.3964,1366.666667,21.6134,1233.23,224.96,44,280.18,173.49,0,722.63,2.22,235,5.2705,108.435,9469,8532,7921,6747,18304,10808,7180,7450,5037,27327,24950,13,0.461338869,5.49,strongly acid,9.43,ML,72.50748186,M,36.33718619,H,40.35500836,H,174.1042962,VH,0.445256755,M,4.938420044,L,1.346968164,M,0.106810577,L,6.837455539,84.34,5.16,10.5,LOAMY SAND
81,81,after,79.82,nocc,DDF,MIX,SHADEINTO,MIX,Shadeto,MIX,In,Fire,539385,1721472,1.2956,633.3333333,18.1881,874.76,216.58,38,373,691.55,0,1319.13,16.87,221,5.8035,291.038,9474,8510,7896,6736,18946,10862,7067,7407,5038,27427,24924,12,0.475430262,6.72,neutral,8.25,ML,100,H,26.23699187,MH,75.65236226,VH,132.7997922,VH,0.33962404,M,6.844494406,M,1.087851353,M,0.049408284,VL,8.321378083,80.18,10.16,9.66,LOAMY SAND
82,82,after,71.56,nocc,MDF,CROTHU,CROTHU,CROTHU,CROTHU,CROTHU,Out,Fire,539385,1722525,1.2872,1155.555556,18.0383,1141.17,211.62,237.52,719,573.89,0,1742.03,5.04,189,10.0347,131.634,9466,8499,7770,6690,17213,10508,7080,7303,5043,27512,25037,13,0.440237627,6.31,slightly acid,2.73,VL,100,H,9.883102218,L,54.27183752,VH,154.4237036,VH,0.394925333,M,7.162521855,M,1.884249389,M,0.116637318,L,9.558333895,80.77,12.07,7.16,LOAMY SAND
83,83,after,70.29,nocc,"MDF,bamboo",MIX,SHADEINTO,MIX,Shadeto,MIX,Out,Fire,539385,1723576,1.2487,433.3333333,11.7757,744.31,333.97,63,209,1748.76,0.14,2354.873095,3.91,180,6.5085,39.8056,9519,8575,7995,6839,17460,10805,7248,7498,5011,27428,24974,9,0.437096177,6.6,neutral,10.77,M,93.80159269,H,34.94655212,MH,38.79861503,H,156.7021113,VH,0.400752164,M,7.379403909,M,2.277137546,M,0.045137914,VL,10.10243153,76.16,13.31,10.53,SANDY LOAM
84,84,after,73.7,nocc,DDF,MIX,SHADETO,MIX,MIX,MIX,Out,Fire,539382,1724627,1.3052,677.7777778,18.1177,1815.85,319,121,2460.78,2271.66,0,5172.442529,10.64,181,16.9661,245.323,9527,8568,7903,6833,17412,11076,7328,7471,5034,27599,25080,13,0.436337389,5.94,moderately acid,11.17,M,73.53769622,M,42.22598855,H,5.454743809,L,135.0470843,VH,0.345371296,M,6.615768769,M,1.153822373,M,0.09919823,VL,8.214160668,76.81,13.95,9.24,SANDY LOAM
85,85,after,63.5,nocc,DDF,MIX,SHADETO,MIX,MIX,MIX,Out,Fire,539383,1725675,1.4846,755.5555556,14.3856,2868.24,396.64,1121.85,2053.18,2702,0,6273.663442,13.83,191,4.2899,240.945,9552,8651,8024,7047,16360,11517,7858,7554,5024,27796,25209,13,0.397872431,6.14,slightly acid,4.1,L,99.49629041,H,19.77637412,M,5.61827738,L,64.83420688,M,0.165807905,VL,3.083480147,L,0.638688536,L,0.191371319,L,4.079347907,83.69,7.46,8.85,LOAMY SAND
86,86,after,69.42,nocc,DDF,MIX,SHADETO,MIX,MIX,LIGHT,Out,Fire,539386,1726726,1.5052,744.4444444,15.5982,360.14,690.89,59.3,301.45,408.86,0,1460.5,8.22,196,1.8634,296.565,9609,8700,8115,7168,16024,11594,8027,7711,5030,27778,25212,13,0.381855812,5.49,strongly acid,3.99,L,58.71729024,M,18.41242255,M,4.22748743,L,65.77659976,M,0.168217993,VL,1.449130279,L,0.560206642,L,0.165264966,L,2.34281988,87.13,7.41,5.46,LOAMY SAND
87,87,after,84.53,nocc,"MDF,bamboo",MIX,SHADEINTO,MIX,Shadeto,MIX,In,Fire,540439,1726729,1.2558,962.2222222,15.0651,606.87,417.36,339,600,603.33,0,1959.69,7.6,216,5.5902,63.4349,9545,8595,8082,6866,18213,11148,7373,7553,5054,27335,24883,6,0.452450257,5.84,moderately acid,13.07,M,100,H,33.4708439,MH,38.63232682,H,292.5803671,VH,0.74824911,H,11.01198533,H,2.728238377,M,0.104210843,L,14.59268366,62.36,23.75,13.89,SANDY LOAM
88,88,after,56.91,nocc,DDF,MIX,SHADEINTO,MIX,Shadeto,MIX,In,Fire,540437,1725673,1.1664,422.2222222,9.9487,389.85,186,13,486,508,13,1206,5.43,192,6.7186,172.875,9495,8551,7934,6802,17208,10899,7260,7385,5044,27660,25109,13,0.433402749,6.62,neutral,20.34,H,88.34712316,H,34.67744631,MH,22.56298524,MH,162.2668208,VH,0.41498343,M,14.92092029,H,2.544586961,M,0.089314171,VL,17.96980485,71.18,12.01,16.81,SANDY LOAM
89,89,after,49.86,nocc,DDF,MIX,SHADETO,MIX,MIX,MIX,In,Fire,540438,1724635,1.4809,366.6666667,11.6875,1314.24,564.15,512,3338,200,0,4614.15,27.75,181,6.2639,266.186,9537,8604,7964,6978,15912,11065,7625,7578,5032,27714,25158,13,0.390301442,5.72,moderately acid,6.39,ML,79.86742582,H,12.43394804,ML,162.9152957,VH,64.30379827,M,0.16445143,VL,3.975611317,L,0.875833118,L,0.087632644,VL,5.10352851,84.41,8.44,7.15,LOAMY SAND
90,90,after,64.08,nocc,MDF,MIX,SHADEINTO,MIX,Shadeto,MIX,In,Fire,540435,1723575,1.1658,1133.333333,20.399,502.24,437.88,723.31,265,1443.29,0,2869.480284,36.63,174,4.714,315,9494,8532,7941,6716,19172,10760,7096,7415,5024,27528,25074,13,0.481149567,5.82,moderately acid,20.58,H,85.00216303,H,78.94364306,VH,70.18401797,VH,245.9198177,VH,0.628918771,H,13.97840177,H,2.738893743,M,0.147230866,L,17.49344515,68.56,16.74,14.7,SANDY LOAM
91,91,after,67.89,nocc,DDF,MIX,CROTHU,CROTHU,MIX,CROTHU,In,Fire,540434,1722523,1.4445,722.2222222,24.2125,2304.78,336,667,690.07,2114.58,0,3807.650392,1.57,193,6.5881,198.435,9485,8533,7848,6752,17440,10407,6998,7338,5024,27601,25057,12,0.441798942,5.5,strongly acid,5.98,ML,44.12682525,M,18.76142534,M,59.54761991,VH,69.35846943,M,0.177378317,VL,1.563739003,L,0.865175458,L,0.032491373,VL,2.63878415,84.23,9.46,6.31,LOAMY SAND
92,92,after,83.4,nocc,DDF,MIX,SHADETO,MIX,MIX,MIX,In,Fire,540432,1721477,1.4219,1600,20.456,534.95,102.41,10,2250,1302.18,0,3664.59,9.94,201,10.0173,45,9466,8511,7812,6691,17971,10375,6912,7318,5038,27462,25102,13,0.457383829,6.23,slightly acid,4.37,L,82.23211747,H,29.92555765,MH,30.35543454,H,62.24255502,M,0.159179978,VL,2.581796518,L,0.803179496,L,0.049387542,VL,3.593543533,86.33,6.08,7.59,LOAMY SAND
93,93,after,74.01,nocc,DDF,POLYDE,POLYDE,POLYDE,POLYDE,POLYDE,In,Fire,540438,1720424,1.3127,1333.333333,22.2569,518.49,74.9,216,120.2,253,0,664.1,8.55,223,0.5893,315,9482,8524,7946,6760,18479,10753,7091,7499,5028,27393,25008,13,0.46432109,5.72,moderately acid,9.61,ML,56.92527041,M,32.22692308,MH,90.96450076,VH,163.3677338,VH,0.41779892,M,3.782970916,L,1.167159283,M,0.102589368,L,5.470518486,78.53,14.74,6.73,LOAMY SAND
94,94,after,72.68,nocc,MDF,MIX,SHADEINTO,MIX,Shadeto,MIX,In,Fire,540437,1719377,1.0058,477.7777778,27.222,1549.81,1160,175,141.64,163,310,1949.64,8.78,234,16.7602,124.875,9431,8448,7765,6641,16988,9893,6920,7355,5049,27278,24954,0,0.437894113,6.48,slightly acid,22.88,H,86.81737818,H,46.62649991,VH,89.20055417,VH,285.171065,VH,0.729300458,H,15.93889837,H,3.093111601,H,0.1025057,L,19.86381613,73.69,16.64,9.67,SANDY LOAM
95,95,after,67.89,nocc,"MDF,bamboo",MIX,SHADETO,MIX,MIX,noclust,In,NoFire,540445,1718328,1.1717,288.8888889,16.7906,347.47,223.96,0.79,3316.87,35.92,16.5,3594.038238,21.62,318,37.6017,102.804,9446,8511,7915,6811,18430,11404,7434,7434,5033,27515,25045,13,0.460322491,6.43,slightly acid,11.21,M,88.39960429,H,27.95302332,MH,99.9849934,VH,164.9213425,VH,0.421772141,M,7.561637919,M,1.845858208,M,0.080327374,VL,9.909595641,79.29,11.06,9.65,SANDY LOAM
96,96,after,83.4,nocc,"MDF,bamboo",MIX,SHADEINTO,MIX,Shadeto,noclust,In,NoFire,541482,1715174,1.1811,1033.333333,12.4034,251.98,5811.17,82,61.57,1144.18,0,7098.916471,3.39,207,17.0884,1.3972,9474,8524,7876,6741,17770,10988,7363,7422,5029,27258,24934,3,0.449961242,5.89,moderately acid,14.8,M,100,H,45.09787177,VH,5.659457389,L,447.4665331,VH,1.144357151,H,14.20545567,H,3.234037355,H,0.112619289,L,18.69646946,68.06,17.24,14.7,SANDY LOAM
97,97,after,75.72,nocc,DDF,MIX,SHADETO,MIX,MIX,MIX,Out,Fire,541488,1716226,1.3575,655.5555556,21.3071,788.24,724.84,97,82.02,2091.82,0,2995.685735,5.4,273,29.113,189.058,9575,8647,8210,7026,18577,11908,7714,7764,5032,27843,25328,13,0.451158067,5.16,strongly acid,7.09,ML,53.10814397,M,20.09594845,M,39.30932068,H,100.0342535,H,0.255828995,L,2.592259033,L,0.786442048,L,0.130837332,L,3.765367408,82.67,8.9,8.43,LOAMY SAND
98,98,after,79.91,nocc,"MDF,bamboo",MIX,SHADEINTO,MIX,MIX,MIX,Out,Fire,541483,1717273,1.1735,855.5555556,15.0931,271.74,766.79,232,5.66,683.14,0,1687.59,5.26,228,6.8718,345.964,9441,8485,7877,6685,18955,10972,7276,7283,5027,27165,24778,2,0.478549142,6.75,neutral,11.93,M,91.47645011,H,29.45683761,MH,75.56371458,VH,246.8939173,VH,0.631409947,H,8.601255724,M,1.575743336,M,0.104731492,L,10.9131405,72.82,11.65,15.53,SANDY LOAM
99,99,after,78.29,nocc,DDF,MIX,SHADETO,MIX,Shadeto,MIX,Out,Fire,541487,1718323,1.2912,1066.666667,26.2396,369.13,177.47,59,799,1837,0,2872.47,6.69,225,4.2492,101.31,9477,8506,7997,6761,18068,10441,6990,7502,5027,27541,25102,13,0.455394901,5.97,moderately acid,9.35,ML,62.90234477,M,27.00628293,MH,75.91185134,VH,90.06194547,H,0.230325675,L,3.845903613,L,1.769321943,M,0.035818006,VL,5.881369236,80.55,11.62,7.83,LOAMY SAND
100,100,after,75.34,nocc,DDF,MIX,SHADETO,MIX,MIX,MIX,Out,Fire,541485,1719374,1.5433,1288.888889,12.3553,175.79,35.13,48.91,257,921.26,0,1262.3,10.96,206,6.8971,115.017,9550,8616,7966,6928,16805,11149,7515,7417,5038,27474,24998,13,0.416171575,5.62,moderately acid,4.3,L,51.46833281,M,8.682692308,L,12.43123329,M,45.04454794,L,0.115197555,VL,1.350193047,L,0.688904278,L,0.058843431,VL,2.213138311,82.25,6.4,11.35,LOAMY SAND
101,101,after,72.31,nocc,DDF,POLYDE,POLYDE,POLYDE,POLYDE,POLYDE,Out,Fire,541485,1720424,1.4035,900,22.8115,680.18,121,288,2085.61,846,0,3340.607843,3.96,192,7.6603,45,9502,8534,7903,6826,17278,10919,7227,7436,5024,27663,25120,13,0.433620976,5.92,moderately acid,5.65,ML,58.11936932,M,18.13071661,M,21.53197728,MH,56.40840962,L,0.144259653,VL,2.301674187,L,0.807854305,L,0.029956221,VL,3.283744366,87.05,5.8,7.15,LOAMY SAND
102,102,after,78.17,nocc,DDF,MIX,SHADETO,MIX,MIX,MIX,In,Fire,541487,1721477,1.3019,1711.111111,25.0027,200.1,745.97,418,291,543.39,0,1998.36,6.02,183,10.8333,0,9502,8542,7865,6775,17912,10914,7135,7427,5011,27477,24963,13,0.451128124,5.57,moderately acid,8.59,ML,70.18702226,M,30.41956507,MH,6.845064252,ML,83.953243,M,0.214703194,L,4.653486153,L,1.062734187,M,0.098141678,VL,6.029065212,83.16,8.87,7.97,LOAMY SAND
103,103,after,57.06,nocc,MDF,MIX,SHADEINTO,MIX,Shadeto,MIX,In,Fire,541485,1722527,1.2671,888.8888889,17.1361,1137.66,76,236,2153,731,0,3196,31.7,181,11.1181,102.995,9472,8523,7860,6713,18702,10931,7226,7490,5016,27492,25041,13,0.471729294,7.06,neutral,10.36,M,100,H,21.9195122,M,122.8998177,VH,181.083082,VH,0.463104399,M,12.74584963,H,1.953328826,M,0.108131367,L,15.27041422,73.47,16.45,10.08,SANDY LOAM
104,104,after,4.16,nocc,OpenArea,MIX,noclust,noclust,MIX,noclust,In,NoFire,541487,1723580,1.3291,88.88888889,1.0314,2819.44,1528.49,1549,22,5,0,3104.49,0.05,161,6.4818,45,9655,8748,8577,7194,21521,12158,8021,7990,5025,27854,25244,13,0.498937837,5.75,moderately acid,3.94,L,100,H,13.97529188,ML,55.57973486,VH,155.4675812,VH,0.39759496,M,4.452447617,L,0.834791958,L,0.082157142,VL,5.766991677,67.96,16.43,15.61,SANDY LOAM
105,105,after,83.4,nocc,"MDF,bamboo",MIX,SHADETO,MIX,MIX,MIX,In,Fire,541486,1724628,1.1711,311.1111111,7.9895,888.04,375.44,365,10,1081.08,0,1831.52,12.55,191,8.8388,81.8699,9550,8615,8140,6908,18243,11475,7530,7562,5022,27505,25025,13,0.450677905,6.37,slightly acid,15.28,MH,80.31815188,H,21.37534142,M,34.20140345,H,171.6442763,VH,0.438965465,M,9.530412938,M,2.213688709,M,0.089546495,VL,12.27261361,73.17,13.83,13,SANDY LOAM
106,106,after,0,nocc,OpenArea,NA,noclust,noclust,NA,noclust,Out,Fire,541483,1725676,1.4119,0,0,0,0,0,0,0,0,0,0,188,11.2577,38.991,9823,9004,8586,8054,15386,14613,10414,8367,5033,28016,25406,13,0.312798635,5.86,moderately acid,12.92,M,80.31570411,H,20.56364377,M,152.4960269,VH,186.1358707,VH,0.476026471,M,8.183074989,M,1.566500177,M,0.151187334,L,10.37678897,74.91,11.61,13.48,SANDY LOAM
107,107,after,72.89,nocc,OpenArea,MIX,noclust,noclust,MIX,noclust,Out,NoFire,541488,1726727,1.5205,466.6666667,8.8888,228.19,45.64,0,0,0,0,45.64,3,187,4.2899,209.055,9598,8638,8122,6985,17895,12659,8144,7514,5053,28183,25490,9,0.438504823,5.67,moderately acid,10.38,M,78.44226988,H,36.67774757,H,202.6230475,VH,222.6409176,VH,0.569384987,M,6.300618081,M,1.190505494,M,0.081799052,VL,8.142307614,75.6,9.66,14.74,SANDY LOAM
108,108,after,36.37,nocc,OpenArea,MIX,noclust,noclust,Shadeto,noclust,Out,NoFire,542534,1723575,1.393,144.4444444,28.3976,1300.31,1834.41,1617.66,685,27,0,4164.070793,0.38,159,2.4296,239.036,9622,8718,8161,7122,17815,11575,8055,7725,5034,28119,25349,10,0.428800577,6.75,neutral,23.23,H,100,H,22.91585366,M,37.12960951,H,219.4562044,VH,0.561240357,M,19.777589,H,3.175812256,H,0.156846533,L,23.67148814,43.36,30.57,26.07,LOAM
109,109,after,76.47,nocc,MDF,MIX,SHADETO,MIX,Shadeto,noclust,Out,NoFire,542535,1722735,1.2654,1166.666667,19.651,1022.83,209,0,2675,387.57,0,3271.57,49.9,161,2.4296,300.964,9605,8630,8121,6921,19430,11198,7359,7672,5017,27805,25243,10,0.474706842,6.61,neutral,7.91,ML,100,H,24.28728838,M,122.4363653,VH,139.1659417,VH,0.35590492,M,6.589294129,M,1.351487898,M,0.06524307,VL,8.361930017,82.51,10.33,7.16,LOAMY SAND
110,110,after,28.25,nocc,OpenArea,NA,noclust,noclust,NA,noclust,Out,NoFire,542535,1721477,1.2952,222.2222222,7.3995,0,2750.64,3775.08,80,45,0,6650.710993,0,173,11.9315,204.775,9561,8636,8165,6900,18769,10973,7239,7779,5031,27676,25210,13,0.462386536,5.5,strongly acid,5.98,ML,36.541843,M,17.34369983,M,74.9237459,VH,66.54326726,M,0.17017868,VL,1.317053315,L,0.573101121,L,0.124869096,L,2.185202212,85.88,7.37,6.75,LOAMY SAND
111,111,after,60.44,nocc,DDF,MIX,SHADETO,MIX,MIX,noclust,In,NoFire,542534,1720427,1.2728,1088.888889,17.2567,1201.71,751,207,822,315,0,2095,6.32,186,7.6603,292.38,9452,8480,7809,6655,17069,10177,6883,7267,5026,27521,25060,13,0.438964761,5.63,moderately acid,10.26,M,79.79623158,H,19.79276985,M,74.74104426,VH,184.8267565,VH,0.472678524,M,6.04389591,M,1.670518926,M,0,VL,8.187093361,81.34,8.16,10.5,LOAMY SAND
112,112,after,67.08,nocc,DDF,MIX,SHADETO,MIX,MIX,noclust,In,NoFire,542537,1719376,1.4542,1233.333333,26.5537,683.07,131.39,2,61.22,795,0,989.61,5.94,189,4.1248,45,9548,8571,8073,6870,18131,10796,7156,7523,5024,27488,25087,13,0.450421983,5.81,moderately acid,6.33,ML,75.50954696,H,12.04998293,ML,31.11269515,H,85.65006783,M,0.219042678,L,3.604665502,L,0.956046143,L,0,VL,4.779754323,86.45,6.38,7.17,LOAMY SAND
113,113,after,53.44,nocc,DDF,MIX,SHADETO,MIX,MIX,noclust,In,NoFire,542538,1718322,1.3877,1033.333333,11.3655,1176.28,193.39,211,23.65,97,0,525.04,5.4,198,5.559,167.005,9724,8826,8537,7658,17176,12653,8520,8332,5037,27855,25290,13,0.383264879,5.27,strongly acid,5.2,ML,48.33802661,M,15.54187386,M,6.40596337,ML,46.77397541,L,0.119620417,VL,1.291733537,L,1.005787708,M,0.096435721,VL,2.513577384,85.28,7.57,7.15,LOAMY SAND
114,114,after,79.5,nocc,"MDF,bamboo",MIX,SHADETO,MIX,MIX,MIX,Out,Fire,542532,1717280,1.2944,844.4444444,24.8076,623.91,479.78,17.54,1060.07,140.29,0,1697.68,4.79,213,13.7563,305.134,9483,8526,7980,6792,18079,11190,7373,7460,5012,27282,24867,6,0.45382172,6.62,neutral,10.58,M,80.34292449,H,16.34622713,M,74.80329504,VH,165.90271,VH,0.424281904,M,6.591692256,M,1.41266464,M,0.071642611,VL,8.500281411,73.72,17.04,9.24,SANDY LOAM
115,115,after,88.66,nocc,"MDF,bamboo",MIX,SHADETO,MIX,Shadeto,MIX,Out,Fire,542537,1716226,1.1269,222.2222222,9.3568,2.21,1.92,0,0,0.98,8,10.9,0.72,237,8.8388,171.87,9498,8555,7966,6847,17743,11870,7756,7329,5028,27524,25125,12,0.443106954,5.95,moderately acid,16.07,MH,70.10846454,M,44.9187251,H,5.771127573,L,207.0291161,VH,0.529459148,M,8.563046342,M,2.08488191,M,0.089042851,VL,11.26643025,70.18,17.64,12.18,SANDY LOAM
116,116,after,70.11,nocc,DDF,MIX,SHADETO,MIX,MIX,MIX,Out,Fire,543586,1716228,1.4646,955.5555556,19.2191,1410.29,244.29,670.93,35.17,895,0,1845.39,7.93,182,9.3169,79.6952,9556,8641,8100,7075,17565,11980,7927,7710,5023,27771,25221,13,0.425730519,4.94,very strongly acid,3.49,L,43.7327689,M,15.75391679,M,0,VL,62.03876076,M,0.158658792,VL,0.822474143,L,0.422543253,L,0.122597447,L,1.526273635,82.02,2.44,15.54,SANDY LOAM
117,117,after,88.98,nocc,"MDF,bamboo",MIX,SHADETO,MIX,MIX,MIX,Out,Fire,543590,1717278,1.235,500,24.2363,1103.98,187.97,0.37,0,622.69,61,872.03,4.03,182,3.0046,56.3099,9503,8539,7895,6788,17590,10935,7283,7381,5033,27549,25043,7,0.443104438,5.83,moderately acid,9.26,ML,65.46602481,M,27.85474482,MH,14.25785562,M,93.12955359,H,0.238170819,L,4.348192623,L,1.400411225,M,0.075379231,VL,6.062153898,79.9,9.98,10.12,SANDY LOAM
118,118,after,70.72,nocc,DDF,MIX,SHADETO,MIX,MIX,MIX,In,Fire,543582,1718353,1.5512,1011.111111,24.0412,911.21,210.3,37,0,329,0,576.3,3.33,186,2.9463,45,9664,8786,8259,7326,17369,12892,8446,7942,5006,27651,25176,13,0.406681514,5.96,moderately acid,3.6,L,98.87135501,H,11.81543759,ML,8.883481415,ML,73.83246466,M,0.188820175,VL,2.25542562,L,1.001916672,M,0.113206314,L,3.559368781,87.93,4.06,8.01,LOAMY SAND
119,119,after,71.82,nocc,"MDF,bamboo",MIX,SHADEINTO,MIX,Shadeto,MIX,In,Fire,543588,1719375,1.2407,855.5555556,13.179,203.99,562.51,35,349,205,0,1151.51,6.82,162,13.7057,199.537,9474,8526,7845,6679,18103,10696,7127,7242,5023,27490,24998,11,0.460979743,6.62,neutral,16.28,MH,85.71761767,H,47.18942308,VH,115.3080334,VH,176.8603177,VH,0.452305043,M,11.35191706,H,2.122736641,M,0.027869419,VL,13.95482816,73.65,19.62,6.73,SANDY LOAM
120,120,after,66.5,nocc,DDF,MIX,SHADETO,noclust,MIX,MIX,In,Fire,543583,1720430,1.4625,1277.777778,32.1546,116.61,250.1,25.68,63,210.52,0,549.3,2.96,175,6.5881,55.3048,9504,8548,7932,6779,17837,10967,7155,7469,5020,27614,25154,13,0.449220019,5.45,strongly acid,4.34,L,100,H,17.77944272,M,17.14647486,MH,134.8790108,VH,0.344941463,M,4.411990314,L,1.25053344,M,0,VL,6.007465217,87.09,6.18,6.73,LOAMY SAND
121,121,after,11.38,nocc,OpenArea,MIX,noclust,noclust,FORB,noclust,Out,NoFire,543556,1721475,1.4419,0,0,1673.72,3159.23,5914.47,337,0,0,9410.7,0,146,9.5924,235.62,9913,9126,8724,8137,17865,14634,9746,8509,5043,29498,26350,11,0.374125067,6.12,slightly acid,3.98,L,100,H,12.52095256,ML,187.9120481,VH,41.80961584,L,0.106924494,VL,3.916325452,L,0.630192709,L,0.094793673,VL,4.748236328,83.81,7.79,8.4,LOAMY SAND
122,122,after,60.84,nocc,DDF,MIX,SHADETO,MIX,MIX,MIX,In,Fire,543553,1723576,1.2299,1266.666667,16.2213,885.39,2530,691,659,912.76,0,4792.76,8.11,179,3.1732,113.199,9576,8612,7957,6891,16887,10833,7302,7482,5044,27692,25221,13,0.420388594,6.33,slightly acid,11.11,M,92.86361924,H,24.42733843,M,25.49695891,H,115.5884031,H,0.295607394,L,8.68544169,M,1.23622084,M,0.099878174,VL,10.3171481,80.35,10.81,8.84,LOAMY SAND
123,123,after,0,nocc,OpenArea,MIX,noclust,noclust,FORB,noclust,In,Fire,544635,1720426,1.5109,0,0,132.67,341.51,4239,80,0,0,4660.51,0,147,5.3359,38.6598,9972,9141,8809,8106,16045,13455,9369,8453,5028,28907,25960,10,0.328723448,5.89,moderately acid,3.11,L,91.55197506,H,11.53411765,ML,7.727553729,ML,19.16985823,VL,0.049025263,VL,2.34278305,L,0.421233874,L,0.034224238,VL,2.847266424,83.96,7.63,8.41,LOAMY SAND
124,124,after,11.27,nocc,OpenArea,MIX,noclust,noclust,FORB,noclust,In,Fire,544635,1719376,1.3738,0,0,2024.38,3088,2194,710,0,0,5992,0,148,8.9753,291.801,9777,8933,8667,7678,18108,12885,8612,8280,4993,28798,25880,10,0.404483053,5.62,moderately acid,9.79,ML,75.74230368,H,28.24870273,MH,15.23770825,MH,52.42969026,L,0.134084421,VL,6.187897731,M,0.998761313,L,0.094428065,VL,7.41517153,68.18,20.87,10.95,SANDY LOAM
125,125,after,72.51,nocc,DDF,MIX,SHADETO,MIX,MIX,MIX,In,Fire,544633,1718326,1.5189,1788.888889,21.4748,415.36,136.51,67,200.21,56,0,459.72,9.44,176,4.7507,142.125,9571,8643,8166,7006,18356,11613,7573,7637,5044,27980,25360,13,0.447519912,5.72,moderately acid,4.29,L,63.46931336,M,14.18751923,ML,17.11818889,MH,67.08333597,M,0.171559859,VL,1.597678897,L,0.921267212,L,0.032327575,VL,2.722833543,82.09,10.35,7.56,LOAMY SAND
126,126,after,73.81,nocc,MDF,MIX,SHADEINTO,MIX,Shadeto,noclust,In,NoFire,544636,1717277,1.0689,733.3333333,11.2509,659.79,650.87,0,0,29,0,679.87,4,169,2.4296,30.9638,9497,8521,7951,6701,20709,11182,7265,7424,5046,27870,25304,4,0.51105436,7.16,neutral,10.65,M,100,H,19.33934506,M,42.60582738,H,154.1527216,VH,0.39423232,M,10.4554757,H,2.435587565,M,0.090972973,VL,13.37626856,75.16,15.19,9.65,SANDY LOAM
127,127,after,78.38,nocc,DDF,MIX,SHADETO,MIX,MIX,MIX,In,Fire,544636,1716228,1.4316,1166.666667,19.6231,63.19,221.32,15.16,1.07,115.21,0,352.76,0.98,181,13.4371,97.125,9511,8543,7941,6790,17890,10898,7208,7480,5039,27601,25155,13,0.449756888,5.39,strongly acid,3.43,L,89.03343667,H,15.95465705,M,98.03921569,VH,104.6082454,H,0.267526585,L,1.815573106,L,0.925193488,L,0.045553698,VL,3.053846878,75.25,15.05,9.7,SANDY LOAM
128,128,after,0,nocc,OpenArea,MIX,noclust,noclust,FORB,noclust,In,NoFire,545476,1717065,1.5912,0,0,4699.13,4001.25,2197.86,364,0,0,6563.11,0,154,7.6603,315,9932,9067,8860,7928,20716,15304,9703,8453,5021,29290,26251,11,0.446446027,5.12,strongly acid,3.97,L,70.32802348,M,11.47647351,ML,3.943862765,L,38.28143232,L,0.097901469,VL,2.52335306,L,0.170768003,VL,0,VL,2.792022532,82.8,10.9,6.3,LOAMY SAND
129,129,after,0,nocc,OpenArea,MIX,noclust,noclust,FORB,noclust,In,NoFire,545475,1717907,1.4863,0,0,1944.73,633,1621.49,35,0,0,2289.49,0,153,7.12,110.556,10021,9233,8886,8291,12086,10581,7989,8356,5017,28870,25967,10,0.186239388,5.15,strongly acid,6.05,ML,52.07012063,M,9.827586207,L,23.14882218,MH,29.75548922,VL,0.076097103,VL,2.499844266,L,0.445999178,L,0.128301751,L,3.150242298,82.8,9.65,7.55,LOAMY SAND
130,130,after,1.91,nocc,OpenArea,MIX,noclust,noclust,FORB,noclust,In,NoFire,545265,1719167,1.5343,0,0,4179.72,3188.32,2161,125.34,0,0,5474.66,0,153,2.4296,59.0362,9928,9099,8781,7749,20548,15314,9692,8303,5037,29303,26296,13,0.452309432,5.09,strongly acid,7.74,ML,26.86369916,L,103.7789268,VH,5.328596803,L,24.26693763,VL,0.062060605,VL,1.713603229,L,0.180293587,VL,0.123292894,L,2.079250315,81.25,9.07,9.68,LOAMY SAND
